Date,Last trade price,Max,Min,Avg. Price,%chg.,Volume,Turnover in BEST,Total turnover
30.12.2015,"645,00",,,"645,00",0.00,0,0,0
29.12.2015,"645,00",,,"645,00",0.00,0,0,0
28.12.2015,"645,00","645,00","645,00","645,00",2.22,2,1.290,1.290
25.12.2015,"631,00",,,"631,00",0.00,0,0,0
24.12.2015,"631,00",,,"631,00",0.00,0,0,0
23.12.2015,"631,00",,,"631,00",0.00,0,0,0
22.12.2015,"631,00",,,"631,00",0.00,0,0,0
21.12.2015,"631,00",,,"631,00",0.00,0,0,0
18.12.2015,"631,00","631,00","631,00","631,00",0.16,600,378.600,378.600
17.12.2015,"630,00",,,"630,00",0.00,0,0,0
16.12.2015,"630,00",,,"630,00",0.00,0,0,0
15.12.2015,"630,00",,,"630,00",0.00,0,0,0
14.12.2015,"630,00",,,"630,00",0.00,0,0,0
11.12.2015,"630,00",,,"630,00",0.00,0,0,0
10.12.2015,"630,00",,,"630,00",0.00,0,0,0
09.12.2015,"630,00","630,00","630,00","630,00",0.00,628,395.640,395.640
07.12.2015,"630,00",,,"630,00",0.00,0,0,0
04.12.2015,"630,00","630,00","630,00","630,00",-3.82,186,117.180,117.180
03.12.2015,"655,00",,,"655,00",0.00,0,0,0
01.12.2015,"655,00",,,"655,00",0.00,0,0,0
30.11.2015,"655,00",,,"655,00",0.00,0,0,0
27.11.2015,"655,00",,,"655,00",0.00,0,0,0
26.11.2015,"655,00",,,"655,00",0.00,0,0,0
25.11.2015,"655,00",,,"655,00",0.00,0,0,0
24.11.2015,"655,00",,,"655,00",0.00,0,0,0
23.11.2015,"655,00",,,"655,00",0.00,0,0,0
20.11.2015,"655,00",,,"655,00",0.00,0,0,0
19.11.2015,"655,00","655,00","655,00","655,00",2.34,324,212.220,212.220
18.11.2015,"640,00","640,00","640,00","640,00",2.40,67,42.880,42.880
17.11.2015,"625,00",,,"625,00",0.00,0,0,0
16.11.2015,"625,00",,,"625,00",0.00,0,0,0
13.11.2015,"625,00","625,00","625,00","625,00",-2.34,67,41.875,41.875
12.11.2015,"640,00",,,"640,00",0.00,0,0,0
11.11.2015,"640,00",,,"640,00",0.00,0,0,0
10.11.2015,"640,00",,,"640,00",0.00,0,0,0
09.11.2015,"640,00",,,"640,00",0.00,0,0,0
06.11.2015,"640,00",,,"640,00",0.00,0,0,0
05.11.2015,"640,00",,,"640,00",0.00,0,0,0
04.11.2015,"640,00",,,"640,00",0.00,0,0,0
03.11.2015,"640,00","640,00","640,00","640,00",0.00,274,175.360,175.360
02.11.2015,"640,00","640,00","640,00","640,00",0.00,50,32.000,32.000
30.10.2015,"640,00",,,"640,00",0.00,0,0,0
29.10.2015,"640,00","640,00","640,00","640,00",2.40,100,64.000,64.000
28.10.2015,"625,00",,,"625,00",0.00,0,0,0
27.10.2015,"625,00",,,"625,00",0.00,0,0,0
26.10.2015,"625,00",,,"625,00",0.00,0,0,0
22.10.2015,"625,00",,,"625,00",0.00,0,0,0
21.10.2015,"625,00","625,00","625,00","625,00",0.00,100,62.500,62.500
20.10.2015,"625,00",,,"625,00",0.00,0,0,0
19.10.2015,"625,00",,,"625,00",0.00,0,0,0
16.10.2015,"625,00",,,"625,00",0.00,0,0,0
15.10.2015,"625,00",,,"625,00",0.00,0,0,0
14.10.2015,"625,00",,,"625,00",0.00,0,0,0
13.10.2015,"625,00",,,"625,00",0.00,0,0,0
09.10.2015,"625,00",,,"625,00",0.00,0,0,0
08.10.2015,"625,00",,,"625,00",0.00,0,0,0
07.10.2015,"625,00",,,"625,00",0.00,0,0,0
06.10.2015,"625,00",,,"625,00",0.00,0,0,0
05.10.2015,"625,00","625,00","625,00","625,00",0.00,10,6.250,6.250
02.10.2015,"625,00",,,"625,00",0.00,0,0,0
01.10.2015,"625,00",,,"625,00",0.00,0,0,0
30.09.2015,"625,00",,,"625,00",0.00,0,0,0
29.09.2015,"625,00",,,"625,00",0.00,0,0,0
28.09.2015,"625,00",,,"625,00",0.00,0,0,0
25.09.2015,"625,00",,,"625,00",0.00,0,0,0
24.09.2015,"625,00","625,00","625,00","625,00",2.51,100,62.500,62.500
23.09.2015,"615,00",,,"609,68",0.00,0,0,0
22.09.2015,"615,00",,,"609,68",0.00,0,0,0
21.09.2015,"615,00","615,00","600,00","609,68",1.44,310,189.000,189.000
18.09.2015,"601,00",,,"601,00",0.00,0,0,0
17.09.2015,"601,00",,,"601,00",0.00,0,0,0
16.09.2015,"601,00",,,"601,00",0.00,0,0,0
15.09.2015,"601,00",,,"601,00",0.00,0,0,0
14.09.2015,"601,00","601,00","601,00","601,00",-0.17,200,120.200,120.200
11.09.2015,"602,00",,,"602,00",0.00,0,0,0
10.09.2015,"602,00",,,"602,00",0.00,0,0,0
09.09.2015,"602,00",,,"602,00",0.00,0,0,0
07.09.2015,"602,00",,,"602,00",0.00,0,0,0
04.09.2015,"602,00","602,00","602,00","602,00",-2.59,65,39.130,39.130
03.09.2015,"618,00",,,"618,00",0.00,0,0,0
02.09.2015,"618,00",,,"618,00",0.00,0,0,0
01.09.2015,"618,00",,,"618,00",0.00,0,0,0
31.08.2015,"618,00",,,"618,00",0.00,0,0,0
27.08.2015,"618,00",,,"618,00",0.00,0,0,0
26.08.2015,"618,00",,,"618,00",0.00,0,0,0
25.08.2015,"618,00",,,"618,00",0.00,0,0,0
24.08.2015,"618,00",,,"618,00",0.00,0,0,0
21.08.2015,"618,00",,,"618,00",0.00,0,0,0
20.08.2015,"618,00",,,"618,00",0.00,0,0,0
19.08.2015,"618,00","618,00","618,00","618,00",3.00,100,61.800,61.800
18.08.2015,"600,00",,,"600,00",0.00,0,0,0
17.08.2015,"600,00","600,00","600,00","600,00",-0.87,67,40.200,40.200
14.08.2015,"600,00","614,00","600,00","605,26",-8.29,133,80.500,80.500
13.08.2015,"660,00",,,"660,00",0.00,0,0,0
12.08.2015,"660,00",,,"660,00",0.00,0,0,0
11.08.2015,"660,00","660,00","660,00","660,00",0.00,88,58.080,58.080
10.08.2015,"660,00","660,00","660,00","660,00",0.69,100,66.000,66.000
07.08.2015,"660,00",,,"655,50",0.00,0,0,0
06.08.2015,"660,00",,,"655,50",0.00,0,0,0
05.08.2015,"660,00",,,"655,50",0.00,0,0,0
04.08.2015,"660,00",,,"655,50",0.00,0,0,0
31.07.2015,"660,00","660,00","651,00","655,50",1.22,180,117.990,117.990
30.07.2015,"650,00","650,00","645,00","647,62",-0.37,210,136.000,136.000
29.07.2015,"650,00",,,"650,00",0.00,0,0,0
28.07.2015,"650,00",,,"650,00",0.00,0,0,0
27.07.2015,"650,00",,,"650,00",0.00,0,0,0
24.07.2015,"650,00",,,"650,00",0.00,0,0,0
23.07.2015,"650,00",,,"650,00",0.00,0,0,0
22.07.2015,"650,00",,,"650,00",0.00,0,0,0
21.07.2015,"650,00","650,00","650,00","650,00",0.00,50,32.500,32.500
20.07.2015,"650,00","650,00","650,00","650,00",7.44,40,26.000,26.000
16.07.2015,"605,00",,,"605,00",0.00,0,0,0
15.07.2015,"605,00",,,"605,00",0.00,0,0,0
14.07.2015,"605,00",,,"605,00",0.00,0,0,0
13.07.2015,"605,00",,,"605,00",0.00,0,0,0
10.07.2015,"605,00",,,"605,00",0.00,0,0,0
09.07.2015,"605,00","605,00","605,00","605,00",0.00,50,30.250,30.250
08.07.2015,"605,00","605,00","605,00","605,00",0.00,13,7.865,7.865
07.07.2015,"605,00",,,"605,00",0.00,0,0,0
06.07.2015,"605,00",,,"605,00",0.00,0,0,0
03.07.2015,"605,00","605,00","605,00","605,00",-1.63,580,350.900,350.900
02.07.2015,"615,00","615,00","615,00","615,00",0.00,80,49.200,49.200
01.07.2015,"615,00",,,"615,00",0.00,0,0,0
30.06.2015,"615,00",,,"615,00",0.00,0,0,0
29.06.2015,"615,00",,,"615,00",0.00,0,0,0
26.06.2015,"615,00",,,"615,00",0.00,0,0,0
25.06.2015,"615,00",,,"615,00",0.00,0,0,0
24.06.2015,"615,00","615,00","615,00","615,00",2.33,200,123.000,123.000
23.06.2015,"601,00",,,"601,00",0.00,0,0,0
22.06.2015,"601,00",,,"601,00",0.00,0,0,0
19.06.2015,"601,00","601,00","601,00","601,00",7.32,226,135.826,135.826
18.06.2015,"560,00",,,"560,00",0.00,0,0,0
17.06.2015,"560,00",,,"560,00",0.00,0,0,0
16.06.2015,"560,00",,,"560,00",0.00,0,0,0
15.06.2015,"560,00",,,"560,00",0.00,0,0,0
12.06.2015,"560,00",,,"560,00",0.00,0,0,0
11.06.2015,"560,00","560,00","560,00","560,00",1.63,450,252.000,252.000
10.06.2015,"551,00",,,"551,00",0.00,0,0,0
09.06.2015,"551,00",,,"551,00",0.00,0,0,0
08.06.2015,"551,00",,,"551,00",0.00,0,0,0
05.06.2015,"551,00",,,"551,00",0.00,0,0,0
04.06.2015,"551,00",,,"551,00",0.00,0,0,0
03.06.2015,"551,00","551,00","551,00","551,00",-8.17,200,110.200,110.200
02.06.2015,"600,00",,,"600,00",0.00,0,0,0
01.06.2015,"600,00",,,"600,00",0.00,0,0,0
28.05.2015,"600,00",,,"600,00",0.00,0,0,0
27.05.2015,"600,00",,,"600,00",0.00,0,0,0
26.05.2015,"600,00",,,"600,00",0.00,0,0,0
22.05.2015,"600,00",,,"600,00",0.00,0,0,0
21.05.2015,"600,00","600,00","600,00","600,00",0.00,350,210.000,210.000
20.05.2015,"600,00",,,"600,00",0.00,0,0,0
19.05.2015,"600,00",,,"600,00",0.00,0,0,0
18.05.2015,"600,00",,,"600,00",0.00,0,0,0
15.05.2015,"600,00",,,"600,00",0.00,0,0,0
14.05.2015,"600,00",,,"600,00",0.00,0,0,0
13.05.2015,"600,00",,,"600,00",0.00,0,0,0
12.05.2015,"600,00",,,"600,00",0.00,0,0,0
11.05.2015,"600,00",,,"600,00",0.00,0,0,0
08.05.2015,"600,00",,,"600,00",0.00,0,0,0
07.05.2015,"600,00","600,00","600,00","600,00",-7.69,200,120.000,120.000
06.05.2015,"650,00",,,"650,00",0.00,0,0,0
05.05.2015,"650,00",,,"650,00",0.00,0,0,0
04.05.2015,"650,00",,,"650,00",0.00,0,0,0
30.04.2015,"650,00",,,"650,00",0.00,0,0,0
29.04.2015,"650,00","650,00","650,00","650,00",2.04,135,87.750,87.750
28.04.2015,"637,00","637,00","637,00","637,00",-0.16,35,22.295,22.295
27.04.2015,"638,00",,,"638,00",0.00,0,0,0
24.04.2015,"638,00",,,"638,00",0.00,0,0,0
23.04.2015,"638,00","638,00","638,00","638,00",-1.85,200,127.600,127.600
22.04.2015,"650,00","650,00","650,00","650,00",0.15,202,131.300,131.300
21.04.2015,"649,00",,,"649,00",0.00,0,0,0
20.04.2015,"649,00",,,"649,00",0.00,0,0,0
17.04.2015,"649,00",,,"649,00",0.00,0,0,0
16.04.2015,"649,00",,,"649,00",0.00,0,0,0
15.04.2015,"649,00",,,"649,00",0.00,0,0,0
14.04.2015,"649,00",,,"649,00",0.00,0,0,0
09.04.2015,"649,00",,,"649,00",0.00,0,0,0
08.04.2015,"649,00",,,"649,00",0.00,0,0,0
07.04.2015,"649,00",,,"649,00",0.00,0,0,0
06.04.2015,"649,00",,,"649,00",0.00,0,0,0
03.04.2015,"649,00",,,"649,00",0.00,0,0,0
02.04.2015,"649,00","649,00","649,00","649,00",-0.15,100,64.900,64.900
01.04.2015,"650,00","650,00","650,00","650,00",0.00,100,65.000,65.000
31.03.2015,"650,00",,,"650,00",0.00,0,0,0
30.03.2015,"650,00",,,"650,00",0.00,0,0,0
27.03.2015,"650,00",,,"650,00",0.00,0,0,0
26.03.2015,"650,00",,,"650,00",0.00,0,0,0
25.03.2015,"650,00",,,"650,00",0.00,0,0,0
24.03.2015,"650,00","650,00","650,00","650,00",0.00,"2,050",1.332.500,1.332.500
23.03.2015,"650,00",,,"650,00",0.00,0,0,0
20.03.2015,"650,00",,,"650,00",0.00,0,0,0
19.03.2015,"650,00",,,"650,00",0.00,0,0,0
18.03.2015,"650,00",,,"650,00",0.00,0,0,0
17.03.2015,"650,00",,,"650,00",0.00,0,0,0
16.03.2015,"650,00",,,"650,00",0.00,0,0,0
13.03.2015,"650,00",,,"650,00",0.00,0,0,0
12.03.2015,"650,00",,,"650,00",0.00,0,0,0
11.03.2015,"650,00",,,"650,00",0.00,0,0,0
10.03.2015,"650,00",,,"650,00",0.00,0,0,0
09.03.2015,"650,00",,,"650,00",0.00,0,0,0
06.03.2015,"650,00",,,"650,00",0.00,0,0,0
05.03.2015,"650,00",,,"650,00",0.00,0,0,0
04.03.2015,"650,00",,,"650,00",0.00,0,0,0
03.03.2015,"650,00",,,"650,00",0.00,0,0,0
02.03.2015,"650,00",,,"650,00",0.00,0,0,0
27.02.2015,"650,00",,,"650,00",0.00,0,0,0
26.02.2015,"650,00",,,"650,00",0.00,0,0,0
25.02.2015,"650,00",,,"650,00",0.00,0,0,0
24.02.2015,"650,00",,,"650,00",0.00,0,0,0
23.02.2015,"650,00",,,"650,00",0.00,0,0,0
20.02.2015,"650,00",,,"650,00",0.00,0,0,0
19.02.2015,"650,00",,,"650,00",0.00,0,0,0
18.02.2015,"650,00","650,00","650,00","650,00",0.00,30,19.500,19.500
17.02.2015,"650,00","650,00","650,00","650,00",0.00,50,32.500,32.500
16.02.2015,"650,00","650,00","650,00","650,00",0.00,50,32.500,32.500
13.02.2015,"650,00","650,00","650,00","650,00",0.00,50,32.500,32.500
12.02.2015,"650,00",,,"650,00",0.00,0,0,0
11.02.2015,"650,00","650,00","650,00","650,00",0.00,20,13.000,13.000
10.02.2015,"650,00",,,"650,00",0.00,0,0,0
09.02.2015,"650,00",,,"650,00",0.00,0,0,0
06.02.2015,"650,00",,,"650,00",0.00,0,0,0
05.02.2015,"650,00",,,"650,00",0.00,0,0,0
04.02.2015,"650,00",,,"650,00",0.00,0,0,0
03.02.2015,"650,00",,,"650,00",0.00,0,0,0
02.02.2015,"650,00",,,"650,00",0.00,0,0,0
30.01.2015,"650,00","650,00","650,00","650,00",0.00,300,195.000,195.000
29.01.2015,"650,00",,,"650,00",0.00,0,0,0
28.01.2015,"650,00",,,"650,00",0.00,0,0,0
27.01.2015,"650,00",,,"650,00",0.00,0,0,0
26.01.2015,"650,00",,,"650,00",0.00,0,0,0
23.01.2015,"650,00",,,"650,00",0.00,0,0,0
22.01.2015,"650,00",,,"650,00",0.00,0,0,0
21.01.2015,"650,00",,,"650,00",0.00,0,0,0
20.01.2015,"650,00",,,"650,00",0.00,0,0,0
16.01.2015,"650,00",,,"650,00",0.00,0,0,0
15.01.2015,"650,00",,,"650,00",0.00,0,0,0
14.01.2015,"650,00",,,"650,00",0.00,0,0,0
13.01.2015,"650,00",,,"650,00",0.00,0,0,0
12.01.2015,"650,00",,,"650,00",0.00,0,0,0
09.01.2015,"650,00",,,"650,00",0.00,0,0,0
08.01.2015,"650,00",,,"650,00",0.00,0,0,0
05.01.2015,"650,00",,,"650,00",0.00,0,0,0
02.01.2015,"650,00",,,"650,00",0.00,0,0,0
29.12.2016,"935,00",,,"935,00",0.00,0,0,0
28.12.2016,"935,00",,,"935,00",0.00,0,0,0
27.12.2016,"935,00",,,"935,00",0.00,0,0,0
26.12.2016,"935,00",,,"935,00",0.00,0,0,0
23.12.2016,"935,00",,,"935,00",0.00,0,0,0
22.12.2016,"935,00",,,"935,00",0.00,0,0,0
21.12.2016,"935,00",,,"935,00",0.00,0,0,0
20.12.2016,"935,00",,,"935,00",0.00,0,0,0
19.12.2016,"935,00",,,"935,00",0.00,0,0,0
16.12.2016,"935,00",,,"935,00",0.00,0,0,0
15.12.2016,"935,00",,,"935,00",0.00,0,0,0
14.12.2016,"935,00",,,"935,00",0.00,0,0,0
13.12.2016,"935,00",,,"935,00",0.00,0,0,0
12.12.2016,"935,00",,,"935,00",0.00,0,0,0
09.12.2016,"935,00",,,"935,00",0.00,0,0,0
07.12.2016,"935,00","935,00","935,00","935,00",0.00,45,42.075,42.075
06.12.2016,"935,00",,,"935,00",0.00,0,0,0
05.12.2016,"935,00","935,00","935,00","935,00",-0.11,50,46.750,46.750
02.12.2016,"936,00",,,"936,00",0.00,0,0,0
01.12.2016,"936,00",,,"936,00",0.00,0,0,0
29.11.2016,"936,00","936,00","936,00","936,00",0.11,40,37.440,37.440
28.11.2016,"935,00","935,00","935,00","935,00",0.00,80,74.800,74.800
25.11.2016,"935,00","935,00","935,00","935,00",0.00,398,372.130,372.130
24.11.2016,"935,00",,,"935,00",0.00,0,0,0
23.11.2016,"935,00","935,00","935,00","935,00",0.00,30,28.050,28.050
22.11.2016,"935,00",,,"935,00",0.00,0,0,0
21.11.2016,"935,00","935,00","935,00","935,00",11.31,172,160.820,160.820
18.11.2016,"840,00","840,00","840,00","840,00",4.87,63,52.920,52.920
17.11.2016,"801,00",,,"801,00",0.00,0,0,0
16.11.2016,"801,00",,,"801,00",0.00,0,0,0
15.11.2016,"801,00",,,"801,00",0.00,0,0,0
14.11.2016,"801,00",,,"801,00",0.00,0,0,0
11.11.2016,"801,00",,,"801,00",0.00,0,0,0
10.11.2016,"801,00",,,"801,00",0.00,0,0,0
09.11.2016,"801,00",,,"801,00",0.00,0,0,0
08.11.2016,"801,00",,,"801,00",0.00,0,0,0
07.11.2016,"801,00",,,"801,00",0.00,0,0,0
04.11.2016,"801,00",,,"801,00",0.00,0,0,0
03.11.2016,"801,00",,,"801,00",0.00,0,0,0
02.11.2016,"801,00","801,00","801,00","801,00",-2.91,280,224.280,224.280
01.11.2016,"825,00",,,"825,00",0.00,0,0,0
31.10.2016,"825,00",,,"825,00",0.00,0,0,0
28.10.2016,"825,00",,,"825,00",0.00,0,0,0
27.10.2016,"825,00",,,"825,00",0.00,0,0,0
26.10.2016,"825,00",,,"825,00",0.00,0,0,0
25.10.2016,"825,00",,,"825,00",0.00,0,0,0
21.10.2016,"825,00",,,"825,00",0.00,0,0,0
20.10.2016,"825,00",,,"825,00",0.00,0,0,0
19.10.2016,"825,00",,,"825,00",0.00,0,0,0
18.10.2016,"825,00",,,"825,00",0.00,0,0,0
17.10.2016,"825,00",,,"825,00",0.00,0,0,0
14.10.2016,"825,00",,,"825,00",0.00,0,0,0
13.10.2016,"825,00",,,"825,00",0.00,0,0,0
12.10.2016,"825,00","825,00","825,00","825,00",-2.94,50,41.250,41.250
10.10.2016,"850,00",,,"850,00",0.00,0,0,0
07.10.2016,"850,00",,,"850,00",0.00,0,0,0
06.10.2016,"850,00","850,00","850,00","850,00",23.73,17,14.450,14.450
05.10.2016,"687,00","687,00","687,00","687,00",6.68,87,59.769,59.769
04.10.2016,"640,00",,,"644,01",0.00,0,0,0
03.10.2016,"640,00",,,"644,01",0.00,0,0,0
30.09.2016,"640,00",,,"644,01",0.00,0,0,0
29.09.2016,"640,00",,,"644,01",0.00,0,0,0
28.09.2016,"640,00",,,"644,01",0.00,0,0,0
27.09.2016,"640,00",,,"644,01",0.00,0,0,0
26.09.2016,"640,00",,,"644,01",0.00,0,0,0
23.09.2016,"640,00",,,"644,01",0.00,0,0,0
22.09.2016,"640,00",,,"644,01",0.00,0,0,0
21.09.2016,"640,00",,,"644,01",0.00,0,0,0
20.09.2016,"640,00",,,"644,01",0.00,0,0,0
19.09.2016,"640,00",,,"644,01",0.00,0,0,0
16.09.2016,"640,00",,,"644,01",0.00,0,0,0
15.09.2016,"640,00",,,"644,01",0.00,0,0,0
14.09.2016,"640,00",,,"644,01",0.00,0,0,0
13.09.2016,"640,00",,,"644,01",0.00,0,0,0
12.09.2016,"640,00",,,"644,01",0.00,0,0,0
09.09.2016,"640,00","650,00","640,00","644,01",-0.92,"1,995",1.284.800,1.284.800
07.09.2016,"650,00","650,00","650,00","650,00",-0.15,17,11.050,11.050
06.09.2016,"651,00",,,"651,00",0.00,0,0,0
05.09.2016,"651,00",,,"651,00",0.00,0,0,0
02.09.2016,"651,00",,,"651,00",0.00,0,0,0
01.09.2016,"651,00",,,"651,00",0.00,0,0,0
31.08.2016,"651,00",,,"651,00",0.00,0,0,0
30.08.2016,"651,00",,,"651,00",0.00,0,0,0
29.08.2016,"651,00",,,"651,00",0.00,0,0,0
26.08.2016,"651,00",,,"651,00",0.00,0,0,0
25.08.2016,"651,00",,,"651,00",0.00,0,0,0
24.08.2016,"651,00",,,"651,00",0.00,0,0,0
23.08.2016,"651,00",,,"651,00",0.00,0,0,0
22.08.2016,"651,00",,,"651,00",0.00,0,0,0
19.08.2016,"651,00",,,"651,00",0.00,0,0,0
18.08.2016,"651,00",,,"651,00",0.00,0,0,0
17.08.2016,"651,00","651,00","651,00","651,00",1.24,110,71.610,71.610
16.08.2016,"643,00","643,00","643,00","643,00",5.24,10,6.430,6.430
15.08.2016,"611,00","611,00","611,00","611,00",1.66,20,12.220,12.220
12.08.2016,"601,00",,,"601,00",0.00,0,0,0
11.08.2016,"601,00",,,"601,00",0.00,0,0,0
10.08.2016,"601,00",,,"601,00",0.00,0,0,0
09.08.2016,"601,00","601,00","601,00","601,00",2.74,12,7.212,7.212
08.08.2016,"585,00",,,"585,00",0.00,0,0,0
05.08.2016,"585,00",,,"585,00",0.00,0,0,0
04.08.2016,"585,00",,,"585,00",0.00,0,0,0
03.08.2016,"585,00",,,"585,00",0.00,0,0,0
01.08.2016,"585,00",,,"585,00",0.00,0,0,0
29.07.2016,"585,00",,,"585,00",0.00,0,0,0
28.07.2016,"585,00",,,"585,00",0.00,0,0,0
27.07.2016,"585,00",,,"585,00",0.00,0,0,0
26.07.2016,"585,00",,,"585,00",0.00,0,0,0
25.07.2016,"585,00",,,"585,00",0.00,0,0,0
22.07.2016,"585,00",,,"585,00",0.00,0,0,0
21.07.2016,"585,00",,,"585,00",0.00,0,0,0
20.07.2016,"585,00",,,"585,00",0.00,0,0,0
19.07.2016,"585,00","585,00","585,00","585,00",-1.68,25,14.625,14.625
18.07.2016,"595,00",,,"595,00",0.00,0,0,0
15.07.2016,"595,00",,,"595,00",0.00,0,0,0
14.07.2016,"595,00",,,"595,00",0.00,0,0,0
13.07.2016,"595,00",,,"595,00",0.00,0,0,0
12.07.2016,"595,00","595,00","595,00","595,00",1.71,300,178.500,178.500
11.07.2016,"585,00",,,"585,00",0.00,0,0,0
08.07.2016,"585,00",,,"585,00",0.00,0,0,0
07.07.2016,"585,00",,,"585,00",0.00,0,0,0
06.07.2016,"585,00",,,"585,00",0.00,0,0,0
04.07.2016,"585,00",,,"585,00",0.00,0,0,0
01.07.2016,"585,00","585,00","585,00","585,00",-2.82,41,23.985,23.985
30.06.2016,"602,00",,,"602,00",0.00,0,0,0
29.06.2016,"602,00",,,"602,00",0.00,0,0,0
28.06.2016,"602,00",,,"602,00",0.00,0,0,0
27.06.2016,"602,00",,,"602,00",0.00,0,0,0
24.06.2016,"602,00",,,"602,00",0.00,0,0,0
23.06.2016,"602,00",,,"602,00",0.00,0,0,0
22.06.2016,"602,00",,,"602,00",0.00,0,0,0
21.06.2016,"602,00","602,00","602,00","602,00",-4.29,55,33.110,33.110
20.06.2016,"629,00",,,"629,00",0.00,0,0,0
16.06.2016,"629,00","629,00","629,00","629,00",-4.98,66,41.514,41.514
15.06.2016,"662,00",,,"662,00",0.00,0,0,0
14.06.2016,"662,00",,,"662,00",0.00,0,0,0
13.06.2016,"662,00",,,"662,00",0.00,0,0,0
10.06.2016,"662,00",,,"662,00",0.00,0,0,0
09.06.2016,"662,00",,,"662,00",0.00,0,0,0
08.06.2016,"662,00",,,"662,00",0.00,0,0,0
07.06.2016,"662,00",,,"662,00",0.00,0,0,0
06.06.2016,"662,00",,,"662,00",0.00,0,0,0
03.06.2016,"662,00",,,"662,00",0.00,0,0,0
02.06.2016,"662,00",,,"662,00",0.00,0,0,0
01.06.2016,"662,00",,,"662,00",0.00,0,0,0
31.05.2016,"662,00",,,"662,00",0.00,0,0,0
30.05.2016,"662,00",,,"662,00",0.00,0,0,0
27.05.2016,"662,00",,,"662,00",0.00,0,0,0
26.05.2016,"662,00","662,00","662,00","662,00",0.00,27,17.874,17.874
25.05.2016,"662,00",,,"662,00",0.00,0,0,0
23.05.2016,"662,00",,,"662,00",0.00,0,0,0
20.05.2016,"662,00",,,"662,00",0.00,0,0,0
19.05.2016,"662,00",,,"662,00",0.00,0,0,0
18.05.2016,"662,00",,,"662,00",0.00,0,0,0
17.05.2016,"662,00","662,00","662,00","662,00",-9.93,145,95.990,95.990
16.05.2016,"735,00",,,"735,00",0.00,0,0,0
13.05.2016,"735,00",,,"735,00",0.00,0,0,0
12.05.2016,"735,00",,,"735,00",0.00,0,0,0
11.05.2016,"735,00","735,00","735,00","735,00",-4.42,5,3.675,3.675
10.05.2016,"769,00",,,"769,00",0.00,0,0,0
09.05.2016,"769,00",,,"769,00",0.00,0,0,0
06.05.2016,"769,00",,,"769,00",0.00,0,0,0
05.05.2016,"769,00",,,"769,00",0.00,0,0,0
04.05.2016,"769,00",,,"769,00",0.00,0,0,0
03.05.2016,"769,00",,,"769,00",0.00,0,0,0
28.04.2016,"769,00",,,"769,00",0.00,0,0,0
27.04.2016,"769,00",,,"769,00",0.00,0,0,0
26.04.2016,"769,00",,,"769,00",0.00,0,0,0
25.04.2016,"769,00",,,"769,00",0.00,0,0,0
22.04.2016,"769,00",,,"769,00",0.00,0,0,0
21.04.2016,"769,00",,,"769,00",0.00,0,0,0
20.04.2016,"769,00",,,"769,00",0.00,0,0,0
19.04.2016,"769,00",,,"769,00",0.00,0,0,0
18.04.2016,"769,00",,,"769,00",0.00,0,0,0
15.04.2016,"769,00","769,00","769,00","769,00",-0.65,10,7.690,7.690
14.04.2016,"774,00","774,00","774,00","774,00",-10.00,75,58.050,58.050
13.04.2016,"860,00","860,00","860,00","860,00",-4.38,115,98.900,98.900
12.04.2016,"899,00",,,"899,41",0.00,0,0,0
11.04.2016,"899,00",,,"899,41",0.00,0,0,0
08.04.2016,"899,00",,,"899,41",0.00,0,0,0
07.04.2016,"899,00",,,"899,41",0.00,0,0,0
06.04.2016,"899,00",,,"899,41",0.00,0,0,0
05.04.2016,"899,00",,,"899,41",0.00,0,0,0
04.04.2016,"899,00",,,"899,41",0.00,0,0,0
01.04.2016,"899,00","900,00","899,00","899,41",7.07,32,28.781,28.781
31.03.2016,"840,00",,,"840,00",0.00,0,0,0
30.03.2016,"840,00",,,"840,00",0.00,0,0,0
29.03.2016,"840,00",,,"840,00",0.00,0,0,0
28.03.2016,"840,00","840,00","840,00","840,00",5.66,10,8.400,8.400
25.03.2016,"795,00","795,00","795,00","795,00",1.92,5,3.975,3.975
24.03.2016,"780,00","780,00","780,00","780,00",0.15,42,32.760,32.760
23.03.2016,"780,00","780,00","760,00","778,87",-0.14,300,233.660,233.660
22.03.2016,"780,00",,,"780,00",0.00,0,0,0
21.03.2016,"780,00","780,00","780,00","780,00",-1.27,50,39.000,39.000
18.03.2016,"790,00",,,"790,00",0.00,0,0,0
17.03.2016,"790,00",,,"790,00",0.00,0,0,0
16.03.2016,"790,00",,,"790,00",0.00,0,0,0
15.03.2016,"790,00",,,"790,00",0.00,0,0,0
14.03.2016,"790,00","790,00","790,00","790,00",9.27,10,7.900,7.900
11.03.2016,"723,00",,,"723,00",0.00,0,0,0
10.03.2016,"723,00",,,"723,00",0.00,0,0,0
09.03.2016,"723,00",,,"723,00",0.00,0,0,0
08.03.2016,"723,00","723,00","723,00","723,00",9.88,27,19.521,19.521
07.03.2016,"658,00",,,"658,00",0.00,0,0,0
04.03.2016,"658,00","658,00","658,00","658,00",-0.60,300,197.400,197.400
03.03.2016,"662,00",,,"662,00",0.00,0,0,0
02.03.2016,"662,00",,,"662,00",0.00,0,0,0
01.03.2016,"662,00",,,"662,00",0.00,0,0,0
29.02.2016,"662,00",,,"662,00",0.00,0,0,0
26.02.2016,"662,00",,,"662,00",0.00,0,0,0
25.02.2016,"662,00","662,00","662,00","662,00",2.95,20,13.240,13.240
24.02.2016,"643,00",,,"643,00",0.00,0,0,0
23.02.2016,"643,00",,,"643,00",0.00,0,0,0
22.02.2016,"643,00","643,00","643,00","643,00",-1.08,15,9.645,9.645
19.02.2016,"650,00",,,"650,00",0.00,0,0,0
18.02.2016,"650,00",,,"650,00",0.00,0,0,0
17.02.2016,"650,00",,,"650,00",0.00,0,0,0
16.02.2016,"650,00",,,"650,00",0.00,0,0,0
15.02.2016,"650,00",,,"650,00",0.00,0,0,0
12.02.2016,"650,00","650,00","650,00","650,00",0.78,40,26.000,26.000
11.02.2016,"645,00",,,"645,00",0.00,0,0,0
10.02.2016,"645,00","645,00","645,00","645,00",0.62,4,2.580,2.580
09.02.2016,"641,00","641,00","641,00","641,00",0.16,20,12.820,12.820
08.02.2016,"640,00",,,"640,00",0.00,0,0,0
05.02.2016,"640,00",,,"640,00",0.00,0,0,0
04.02.2016,"640,00","640,00","640,00","640,00",0.00,5,3.200,3.200
03.02.2016,"640,00",,,"640,00",0.00,0,0,0
02.02.2016,"640,00",,,"640,00",0.00,0,0,0
01.02.2016,"640,00",,,"640,00",0.00,0,0,0
29.01.2016,"640,00",,,"640,00",0.00,0,0,0
28.01.2016,"640,00",,,"640,00",0.00,0,0,0
27.01.2016,"640,00",,,"640,00",0.00,0,0,0
26.01.2016,"640,00","640,00","640,00","640,00",-0.12,60,38.400,38.400
25.01.2016,"640,00",,,"640,80",0.00,0,0,0
22.01.2016,"640,00",,,"640,80",0.00,0,0,0
21.01.2016,"640,00",,,"640,80",0.00,0,0,0
20.01.2016,"640,00",,,"640,80",0.00,0,0,0
18.01.2016,"640,00","644,00","640,00","640,80",-0.50,150,96.120,96.120
15.01.2016,"644,00","644,00","644,00","644,00",2.88,50,32.200,32.200
14.01.2016,"626,00",,,"626,00",0.00,0,0,0
13.01.2016,"626,00",,,"626,00",0.00,0,0,0
12.01.2016,"626,00","626,00","626,00","626,00",-0.16,50,31.300,31.300
11.01.2016,"627,00",,,"627,00",0.00,0,0,0
08.01.2016,"627,00","627,00","627,00","627,00",-2.79,115,72.105,72.105
05.01.2016,"645,00",,,"645,00",0.00,0,0,0
04.01.2016,"645,00",,,"645,00",0.00,0,0,0
28.12.2017,"1.950,00","1.950,00","1.901,00","1.947,39",2.44,88,171.370,171.370
27.12.2017,"1.901,00",,,"1.901,00",0.00,0,0,0
26.12.2017,"1.901,00","1.901,00","1.901,00","1.901,00",-2.96,40,76.040,76.040
25.12.2017,"1.959,00","1.959,00","1.959,00","1.959,00",8.83,30,58.770,58.770
22.12.2017,"1.800,00",,,"1.800,00",0.00,0,0,0
21.12.2017,"1.800,00","1.800,00","1.800,00","1.800,00",0.00,26,46.800,46.800
20.12.2017,"1.800,00","1.800,00","1.800,00","1.800,00",0.00,100,180.000,180.000
19.12.2017,"1.800,00","1.800,00","1.800,00","1.800,00",-3.04,33,59.400,59.400
18.12.2017,"1.859,00",,,"1.856,52",0.00,0,0,0
15.12.2017,"1.859,00",,,"1.856,52",0.00,0,0,0
14.12.2017,"1.859,00",,,"1.856,52",0.00,0,0,0
13.12.2017,"1.859,00",,,"1.856,52",0.00,0,0,0
12.12.2017,"1.859,00",,,"1.856,52",0.00,0,0,0
11.12.2017,"1.859,00",,,"1.856,52",0.00,0,0,0
07.12.2017,"1.859,00","1.859,00","1.851,00","1.856,52",0.35,129,239.491,239.491
06.12.2017,"1.850,00","1.850,00","1.850,00","1.850,00",0.57,"1,300",2.405.000,2.405.000
05.12.2017,"1.850,00","1.850,00","1.820,00","1.839,52",2.20,871,1.602.220,1.602.220
04.12.2017,"1.800,00",,,"1.800,00",0.00,0,0,0
01.12.2017,"1.800,00",,,"1.800,00",0.00,0,0,0
30.11.2017,"1.800,00","1.800,00","1.800,00","1.800,00",-2.39,80,144.000,144.000
29.11.2017,"1.849,00","1.849,00","1.840,00","1.844,12",2.45,24,44.259,44.259
28.11.2017,"1.800,00",,,"1.800,00",0.00,0,0,0
27.11.2017,"1.800,00",,,"1.800,00",0.00,0,0,0
24.11.2017,"1.800,00",,,"1.800,00",0.00,0,0,0
23.11.2017,"1.800,00","1.800,00","1.800,00","1.800,00",-7.12,130,234.000,234.000
22.11.2017,"1.938,00",,,"1.938,00",0.00,0,0,0
21.11.2017,"1.938,00","1.938,00","1.938,00","1.938,00",4.76,5,9.690,9.690
20.11.2017,"1.850,00","1.850,00","1.850,00","1.850,00",2.78,50,92.500,92.500
17.11.2017,"1.800,00",,,"1.800,00",0.00,0,0,0
16.11.2017,"1.800,00","1.800,00","1.800,00","1.800,00",-7.64,13,23.400,23.400
15.11.2017,"1.949,00","1.949,00","1.949,00","1.949,00",8.28,5,9.745,9.745
14.11.2017,"1.800,00",,,"1.800,00",0.00,0,0,0
13.11.2017,"1.800,00",,,"1.800,00",0.00,0,0,0
10.11.2017,"1.800,00",,,"1.800,00",0.00,0,0,0
09.11.2017,"1.800,00",,,"1.800,00",0.00,0,0,0
08.11.2017,"1.800,00","1.800,00","1.800,00","1.800,00",-0.82,120,216.000,216.000
07.11.2017,"1.800,00",,,"1.814,87",0.00,0,0,0
06.11.2017,"1.800,00",,,"1.814,87",0.00,0,0,0
03.11.2017,"1.800,00","1.945,00","1.800,00","1.814,87",0.83,156,283.120,283.120
02.11.2017,"1.800,00",,,"1.800,00",0.00,0,0,0
01.11.2017,"1.800,00","1.800,00","1.800,00","1.800,00",-0.07,225,405.000,405.000
31.10.2017,"1.800,00",,,"1.801,35",0.00,0,0,0
30.10.2017,"1.800,00",,,"1.801,35",0.00,0,0,0
27.10.2017,"1.800,00","1.805,00","1.800,00","1.801,35",-4.77,130,234.175,234.175
26.10.2017,"1.899,00",,,"1.891,54",0.00,0,0,0
25.10.2017,"1.899,00","1.980,00","1.810,00","1.891,54",-4.47,65,122.950,122.950
24.10.2017,"1.980,00",,,"1.980,00",0.00,0,0,0
20.10.2017,"1.980,00",,,"1.980,00",0.00,0,0,0
19.10.2017,"1.980,00",,,"1.980,00",0.00,0,0,0
18.10.2017,"1.980,00",,,"1.980,00",0.00,0,0,0
17.10.2017,"1.980,00",,,"1.980,00",0.00,0,0,0
16.10.2017,"1.980,00",,,"1.980,00",0.00,0,0,0
13.10.2017,"1.980,00",,,"1.980,00",0.00,0,0,0
12.10.2017,"1.980,00",,,"1.980,00",0.00,0,0,0
10.10.2017,"1.980,00",,,"1.980,00",0.00,0,0,0
09.10.2017,"1.980,00",,,"1.980,00",0.00,0,0,0
06.10.2017,"1.980,00",,,"1.980,00",0.00,0,0,0
05.10.2017,"1.980,00",,,"1.980,00",0.00,0,0,0
04.10.2017,"1.980,00",,,"1.980,00",0.00,0,0,0
03.10.2017,"1.980,00",,,"1.980,00",0.00,0,0,0
02.10.2017,"1.980,00",,,"1.980,00",0.00,0,0,0
29.09.2017,"1.980,00",,,"1.980,00",0.00,0,0,0
28.09.2017,"1.980,00",,,"1.980,00",0.00,0,0,0
27.09.2017,"1.980,00",,,"1.980,00",0.00,0,0,0
26.09.2017,"1.980,00",,,"1.980,00",0.00,0,0,0
25.09.2017,"1.980,00",,,"1.980,00",0.00,0,0,0
22.09.2017,"1.980,00",,,"1.980,00",0.00,0,0,0
21.09.2017,"1.980,00",,,"1.980,00",0.00,0,0,0
20.09.2017,"1.980,00",,,"1.980,00",0.00,0,0,0
19.09.2017,"1.980,00",,,"1.980,00",0.00,0,0,0
18.09.2017,"1.980,00",,,"1.980,00",0.00,0,0,0
15.09.2017,"1.980,00",,,"1.980,00",0.00,0,0,0
14.09.2017,"1.980,00",,,"1.980,00",0.00,0,0,0
13.09.2017,"1.980,00",,,"1.980,00",0.00,0,0,0
12.09.2017,"1.980,00",,,"1.980,00",0.00,0,0,0
11.09.2017,"1.980,00",,,"1.980,00",0.00,0,0,0
07.09.2017,"1.980,00",,,"1.980,00",0.00,0,0,0
06.09.2017,"1.980,00",,,"1.980,00",0.00,0,0,0
05.09.2017,"1.980,00",,,"1.980,00",0.00,0,0,0
04.09.2017,"1.980,00",,,"1.980,00",0.00,0,0,0
01.09.2017,"1.980,00",,,"1.980,00",0.00,0,0,0
31.08.2017,"1.980,00",,,"1.980,00",0.00,0,0,0
30.08.2017,"1.980,00",,,"1.980,00",0.00,0,0,0
29.08.2017,"1.980,00",,,"1.980,00",0.00,0,0,0
25.08.2017,"1.980,00",,,"1.980,00",0.00,0,0,0
24.08.2017,"1.980,00",,,"1.980,00",0.00,0,0,0
23.08.2017,"1.980,00",,,"1.980,00",0.00,0,0,0
22.08.2017,"1.980,00",,,"1.980,00",0.00,0,0,0
21.08.2017,"1.980,00",,,"1.980,00",0.00,0,0,0
18.08.2017,"1.980,00",,,"1.980,00",0.00,0,0,0
17.08.2017,"1.980,00",,,"1.980,00",0.00,0,0,0
16.08.2017,"1.980,00",,,"1.980,00",0.00,0,0,0
15.08.2017,"1.980,00","1.980,00","1.980,00","1.980,00",4.76,6,11.880,11.880
14.08.2017,"1.890,00","1.890,00","1.890,00","1.890,00",-2.65,95,179.550,179.550
11.08.2017,"1.984,00",,,"1.941,38",0.00,0,0,0
10.08.2017,"1.984,00",,,"1.941,38",0.00,0,0,0
09.08.2017,"1.984,00",,,"1.941,38",0.00,0,0,0
08.08.2017,"1.984,00",,,"1.941,38",0.00,0,0,0
07.08.2017,"1.984,00",,,"1.941,38",0.00,0,0,0
04.08.2017,"1.984,00",,,"1.941,38",0.00,0,0,0
03.08.2017,"1.984,00",,,"1.941,38",0.00,0,0,0
01.08.2017,"1.984,00",,,"1.941,38",0.00,0,0,0
31.07.2017,"1.984,00",,,"1.941,38",0.00,0,0,0
28.07.2017,"1.984,00","1.984,00","1.926,00","1.941,38",0.75,101,196.079,196.079
27.07.2017,"1.927,00","1.927,00","1.927,00","1.927,00",9.71,10,19.270,19.270
26.07.2017,"1.927,00","1.927,00","1.752,00","1.756,38",0.25,200,351.275,351.275
25.07.2017,"1.752,00","1.752,00","1.752,00","1.752,00",9.98,105,183.960,183.960
24.07.2017,"1.593,00","1.593,00","1.593,00","1.593,00",9.98,10,15.930,15.930
21.07.2017,"1.498,00","1.498,00","1.442,00","1.448,47",3.46,493,714.098,8.290.198
20.07.2017,"1.400,00",,,"1.400,00",0.00,0,0,0
19.07.2017,"1.400,00",,,"1.400,00",0.00,0,0,0
18.07.2017,"1.400,00",,,"1.400,00",0.00,0,0,0
17.07.2017,"1.400,00",,,"1.400,00",0.00,0,0,0
14.07.2017,"1.400,00",,,"1.400,00",0.00,0,0,0
13.07.2017,"1.400,00",,,"1.400,00",0.00,0,0,0
12.07.2017,"1.400,00","1.400,00","1.400,00","1.400,00",7.69,5,7.000,7.000
11.07.2017,"1.300,00",,,"1.300,00",0.00,0,0,0
10.07.2017,"1.300,00","1.300,00","1.300,00","1.300,00",0.00,90,117.000,117.000
07.07.2017,"1.300,00",,,"1.300,00",0.00,0,0,0
06.07.2017,"1.300,00",,,"1.300,00",0.00,0,0,0
05.07.2017,"1.300,00","1.300,00","1.300,00","1.300,00",4.72,10,13.000,13.000
04.07.2017,"1.241,00",,,"1.241,39",0.00,0,0,0
03.07.2017,"1.241,00","1.242,00","1.241,00","1.241,39",3.45,511,634.351,634.351
30.06.2017,"1.200,00",,,"1.200,00",0.00,0,0,0
29.06.2017,"1.200,00",,,"1.200,00",0.00,0,0,0
28.06.2017,"1.200,00",,,"1.200,00",0.00,0,0,0
27.06.2017,"1.200,00",,,"1.200,00",0.00,0,0,0
23.06.2017,"1.200,00",,,"1.200,00",0.00,0,0,0
22.06.2017,"1.200,00",,,"1.200,00",0.00,0,0,0
21.06.2017,"1.200,00",,,"1.200,00",0.00,0,0,0
20.06.2017,"1.200,00",,,"1.200,00",0.00,0,0,0
19.06.2017,"1.200,00",,,"1.200,00",0.00,0,0,0
16.06.2017,"1.200,00",,,"1.200,00",0.00,0,0,0
15.06.2017,"1.200,00","1.200,00","1.200,00","1.200,00",0.00,100,120.000,120.000
14.06.2017,"1.200,00",,,"1.200,00",0.00,0,0,0
13.06.2017,"1.200,00",,,"1.200,00",0.00,0,0,0
12.06.2017,"1.200,00",,,"1.200,00",0.00,0,0,0
09.06.2017,"1.200,00","1.200,00","1.200,00","1.200,00",-6.98,300,360.000,360.000
08.06.2017,"1.290,00",,,"1.290,00",0.00,0,0,0
07.06.2017,"1.290,00","1.290,00","1.290,00","1.290,00",13.06,25,32.250,32.250
06.06.2017,"1.141,00",,,"1.141,00",0.00,0,0,0
05.06.2017,"1.141,00",,,"1.141,00",0.00,0,0,0
01.06.2017,"1.141,00",,,"1.141,00",0.00,0,0,0
31.05.2017,"1.141,00","1.141,00","1.141,00","1.141,00",0.09,56,63.896,63.896
30.05.2017,"1.140,00",,,"1.140,00",0.00,0,0,0
29.05.2017,"1.140,00","1.140,00","1.140,00","1.140,00",2.24,44,50.160,50.160
26.05.2017,"1.115,00",,,"1.115,00",0.00,0,0,0
25.05.2017,"1.115,00",,,"1.115,00",0.00,0,0,0
23.05.2017,"1.115,00",,,"1.115,00",0.00,0,0,0
22.05.2017,"1.115,00",,,"1.115,00",0.00,0,0,0
19.05.2017,"1.115,00",,,"1.115,00",0.00,0,0,0
18.05.2017,"1.115,00",,,"1.115,00",0.00,0,0,0
17.05.2017,"1.115,00",,,"1.115,00",0.00,0,0,0
16.05.2017,"1.115,00",,,"1.115,00",0.00,0,0,0
15.05.2017,"1.115,00",,,"1.115,00",0.00,0,0,0
12.05.2017,"1.115,00",,,"1.115,00",0.00,0,0,0
11.05.2017,"1.115,00",,,"1.115,00",0.00,0,0,0
10.05.2017,"1.115,00",,,"1.115,00",0.00,0,0,0
09.05.2017,"1.115,00",,,"1.115,00",0.00,0,0,0
08.05.2017,"1.115,00",,,"1.115,00",0.00,0,0,0
05.05.2017,"1.115,00",,,"1.115,00",0.00,0,0,0
04.05.2017,"1.115,00",,,"1.115,00",0.00,0,0,0
03.05.2017,"1.115,00",,,"1.115,00",0.00,0,0,0
02.05.2017,"1.115,00",,,"1.115,00",0.00,0,0,0
28.04.2017,"1.115,00",,,"1.115,00",0.00,0,0,0
27.04.2017,"1.115,00",,,"1.115,00",0.00,0,0,0
26.04.2017,"1.115,00",,,"1.115,00",0.00,0,0,0
25.04.2017,"1.115,00",,,"1.115,00",0.00,0,0,0
24.04.2017,"1.115,00",,,"1.115,00",0.00,0,0,0
21.04.2017,"1.115,00",,,"1.115,00",0.00,0,0,0
20.04.2017,"1.115,00",,,"1.115,00",0.00,0,0,0
19.04.2017,"1.115,00",,,"1.115,00",0.00,0,0,0
18.04.2017,"1.115,00",,,"1.115,00",0.00,0,0,0
13.04.2017,"1.115,00",,,"1.115,00",0.00,0,0,0
12.04.2017,"1.115,00",,,"1.115,00",0.00,0,0,0
11.04.2017,"1.115,00",,,"1.115,00",0.00,0,0,0
10.04.2017,"1.115,00","1.115,00","1.115,00","1.115,00",1.36,322,359.030,359.030
07.04.2017,"1.100,00",,,"1.100,00",0.00,0,0,0
06.04.2017,"1.100,00",,,"1.100,00",0.00,0,0,0
05.04.2017,"1.100,00",,,"1.100,00",0.00,0,0,0
04.04.2017,"1.100,00",,,"1.100,00",0.00,0,0,0
03.04.2017,"1.100,00",,,"1.100,00",0.00,0,0,0
31.03.2017,"1.100,00","1.100,00","1.100,00","1.100,00",0.00,196,215.600,215.600
30.03.2017,"1.100,00",,,"1.100,00",0.00,0,0,0
29.03.2017,"1.100,00",,,"1.100,00",0.00,0,0,0
28.03.2017,"1.100,00","1.100,00","1.100,00","1.100,00",6.69,90,99.000,99.000
27.03.2017,"1.031,00",,,"1.031,00",0.00,0,0,0
24.03.2017,"1.031,00",,,"1.031,00",0.00,0,0,0
23.03.2017,"1.031,00",,,"1.031,00",0.00,0,0,0
22.03.2017,"1.031,00",,,"1.031,00",0.00,0,0,0
21.03.2017,"1.031,00",,,"1.031,00",0.00,0,0,0
20.03.2017,"1.031,00","1.031,00","1.031,00","1.031,00",3.10,112,115.472,115.472
17.03.2017,"1.000,00",,,"1.000,00",0.00,0,0,0
16.03.2017,"1.000,00",,,"1.000,00",0.00,0,0,0
15.03.2017,"1.000,00","1.000,00","1.000,00","1.000,00",0.00,50,50.000,50.000
14.03.2017,"1.000,00","1.000,00","995,00","999,99",-2.44,501,500.995,4.400.995
13.03.2017,"1.025,00",,,"1.025,00",0.00,0,0,0
10.03.2017,"1.025,00","1.025,00","1.025,00","1.025,00",-2.94,24,24.600,24.600
09.03.2017,"1.056,00",,,"1.056,00",0.00,0,0,0
08.03.2017,"1.056,00",,,"1.056,00",0.00,0,0,0
07.03.2017,"1.056,00",,,"1.056,00",0.00,0,0,0
06.03.2017,"1.056,00","1.056,00","1.056,00","1.056,00",10.00,175,184.800,184.800
03.03.2017,"960,00",,,"960,00",0.00,0,0,0
02.03.2017,"960,00",,,"960,00",0.00,0,0,0
01.03.2017,"960,00",,,"960,00",0.00,0,0,0
28.02.2017,"960,00",,,"960,00",0.00,0,0,0
27.02.2017,"960,00","960,00","960,00","960,00",0.00,2,1.920,1.920
24.02.2017,"960,00",,,"960,00",0.00,0,0,0
23.02.2017,"960,00",,,"960,00",0.00,0,0,0
22.02.2017,"960,00","960,00","960,00","960,00",7.14,5,4.800,1.435.200
21.02.2017,"896,00",,,"896,00",0.00,0,0,0
20.02.2017,"896,00",,,"896,00",0.00,0,0,0
17.02.2017,"896,00",,,"896,00",0.00,0,0,0
16.02.2017,"896,00",,,"896,00",0.00,0,0,0
15.02.2017,"896,00",,,"896,00",0.00,0,0,0
14.02.2017,"896,00",,,"896,00",0.00,0,0,0
13.02.2017,"896,00","896,00","896,00","896,00",0.22,50,44.800,44.800
10.02.2017,"894,00",,,"894,00",0.00,0,0,0
09.02.2017,"894,00",,,"894,00",0.00,0,0,0
08.02.2017,"894,00",,,"894,00",0.00,0,0,0
07.02.2017,"894,00",,,"894,00",0.00,0,0,0
06.02.2017,"894,00",,,"894,00",0.00,0,0,0
03.02.2017,"894,00",,,"894,00",0.00,0,0,0
02.02.2017,"894,00","894,00","894,00","894,00",-2.83,8,7.152,7.152
01.02.2017,"920,00",,,"920,00",0.00,0,0,0
31.01.2017,"920,00",,,"920,00",0.00,0,0,0
30.01.2017,"920,00",,,"920,00",0.00,0,0,0
27.01.2017,"920,00",,,"920,00",0.00,0,0,0
26.01.2017,"920,00",,,"920,00",0.00,0,0,0
25.01.2017,"920,00",,,"920,00",0.00,0,0,0
24.01.2017,"920,00",,,"920,00",0.00,0,0,0
23.01.2017,"920,00",,,"920,00",0.00,0,0,0
20.01.2017,"920,00",,,"920,00",0.00,0,0,0
18.01.2017,"920,00",,,"920,00",0.00,0,0,0
17.01.2017,"920,00",,,"920,00",0.00,0,0,0
16.01.2017,"920,00",,,"920,00",0.00,0,0,0
13.01.2017,"920,00",,,"920,00",0.00,0,0,0
12.01.2017,"920,00","920,00","920,00","920,00",1.43,45,41.400,41.400
11.01.2017,"907,00","907,00","907,00","907,00",-2.99,15,13.605,13.605
10.01.2017,"935,00",,,"935,00",0.00,0,0,0
09.01.2017,"935,00",,,"935,00",0.00,0,0,0
05.01.2017,"935,00",,,"935,00",0.00,0,0,0
04.01.2017,"935,00",,,"935,00",0.00,0,0,0
03.01.2017,"935,00",,,"935,00",0.00,0,0,0
28.12.2018,"2.300,00",,,"2.294,97",0.00,0,0,0
27.12.2018,"2.300,00",,,"2.294,97",0.00,0,0,0
26.12.2018,"2.300,00",,,"2.294,97",0.00,0,0,0
25.12.2018,"2.300,00",,,"2.294,97",0.00,0,0,0
24.12.2018,"2.300,00",,,"2.294,97",0.00,0,0,0
21.12.2018,"2.300,00","2.300,00","2.280,00","2.294,97",-8.16,167,383.260,383.260
20.12.2018,"2.499,00",,,"2.499,00",0.00,0,0,0
19.12.2018,"2.499,00",,,"2.499,00",0.00,0,0,0
18.12.2018,"2.499,00",,,"2.499,00",0.00,0,0,0
17.12.2018,"2.499,00",,,"2.499,00",0.00,0,0,0
14.12.2018,"2.499,00",,,"2.499,00",0.00,0,0,0
13.12.2018,"2.499,00",,,"2.499,00",0.00,0,0,0
12.12.2018,"2.499,00",,,"2.499,00",0.00,0,0,0
11.12.2018,"2.499,00",,,"2.499,00",0.00,0,0,0
10.12.2018,"2.499,00",,,"2.499,00",0.00,0,0,0
07.12.2018,"2.499,00",,,"2.499,00",0.00,0,0,0
06.12.2018,"2.499,00",,,"2.499,00",0.00,0,0,0
05.12.2018,"2.499,00",,,"2.499,00",0.00,0,0,0
04.12.2018,"2.499,00",,,"2.499,00",0.00,0,0,0
03.12.2018,"2.499,00",,,"2.499,00",0.00,0,0,0
30.11.2018,"2.499,00",,,"2.499,00",0.00,0,0,0
29.11.2018,"2.499,00",,,"2.499,00",0.00,0,0,0
28.11.2018,"2.499,00",,,"2.499,00",0.00,0,0,0
27.11.2018,"2.499,00",,,"2.499,00",0.00,0,0,0
26.11.2018,"2.499,00",,,"2.499,00",0.00,0,0,0
23.11.2018,"2.499,00",,,"2.499,00",0.00,0,0,0
22.11.2018,"2.499,00",,,"2.499,00",0.00,0,0,0
21.11.2018,"2.499,00",,,"2.499,00",0.00,0,0,0
20.11.2018,"2.499,00","2.499,00","2.499,00","2.499,00",2.84,5,12.495,12.495
19.11.2018,"2.281,00","2.488,00","2.281,00","2.430,04",-2.72,25,60.751,60.751
16.11.2018,"2.498,00","2.498,00","2.498,00","2.498,00",-0.08,290,724.420,724.420
15.11.2018,"2.500,00","2.500,00","2.500,00","2.500,00",0.22,100,250.000,250.000
14.11.2018,"2.500,00","2.500,00","2.480,00","2.494,42",2.00,780,1.945.651,1.945.651
13.11.2018,"2.499,00","2.499,00","2.354,00","2.445,41",1.21,715,1.748.468,1.748.468
12.11.2018,"2.479,00","2.479,00","2.399,00","2.416,06",1.86,800,1.932.846,1.932.846
09.11.2018,"2.380,00","2.380,00","2.321,00","2.371,87",1.24,"1,459",3.460.552,3.460.552
08.11.2018,"2.350,00","2.350,00","2.340,00","2.342,86",0.12,350,820.000,820.000
07.11.2018,"2.340,00","2.340,00","2.340,00","2.340,00",-0.43,5,11.700,11.700
06.11.2018,"2.350,00","2.350,00","2.350,00","2.350,00",9.81,2,4.700,4.700
05.11.2018,"2.140,00",,,"2.140,00",0.00,0,0,0
02.11.2018,"2.140,00","2.140,00","2.140,00","2.140,00",-9.68,5,10.700,10.700
01.11.2018,"2.365,00",,,"2.369,32",0.00,0,0,0
31.10.2018,"2.365,00",,,"2.369,32",0.00,0,0,0
30.10.2018,"2.365,00",,,"2.369,32",0.00,0,0,0
29.10.2018,"2.365,00","2.419,00","2.365,00","2.369,32",-2.17,125,296.165,296.165
26.10.2018,"2.480,00",,,"2.421,88",0.00,0,0,0
25.10.2018,"2.480,00","2.480,00","2.418,00","2.421,88",3.06,32,77.500,77.500
24.10.2018,"2.350,00","2.350,00","2.350,00","2.350,00",-2.89,70,164.500,164.500
22.10.2018,"2.420,00","2.420,00","2.420,00","2.420,00",10.00,55,133.100,133.100
19.10.2018,"2.200,00",,,"2.200,00",0.00,0,0,0
18.10.2018,"2.200,00","2.200,00","2.200,00","2.200,00",0.00,15,33.000,33.000
17.10.2018,"2.200,00","2.200,00","2.200,00","2.200,00",0.00,36,79.200,79.200
16.10.2018,"2.200,00",,,"2.200,00",0.00,0,0,0
15.10.2018,"2.200,00",,,"2.200,00",0.00,0,0,0
12.10.2018,"2.200,00",,,"2.200,00",0.00,0,0,0
10.10.2018,"2.200,00",,,"2.200,00",0.00,0,0,0
09.10.2018,"2.200,00","2.200,00","2.200,00","2.200,00",5.16,2,4.400,4.400
08.10.2018,"2.092,00","2.092,00","2.092,00","2.092,00",-7.02,80,167.360,167.360
05.10.2018,"2.250,00",,,"2.250,00",0.00,0,0,0
04.10.2018,"2.250,00",,,"2.250,00",0.00,0,0,0
03.10.2018,"2.250,00","2.250,00","2.250,00","2.250,00",-3.98,10,22.500,1.552.500
02.10.2018,"2.336,00","2.350,00","2.336,00","2.343,33",-2.69,210,492.100,492.100
01.10.2018,"2.447,00","2.447,00","2.369,00","2.408,00",4.70,20,48.160,48.160
28.09.2018,"2.300,00","2.300,00","2.300,00","2.300,00",0.00,29,66.700,66.700
27.09.2018,"2.300,00",,,"2.300,00",0.00,0,0,0
26.09.2018,"2.300,00",,,"2.300,00",0.00,0,0,0
25.09.2018,"2.300,00","2.300,00","2.300,00","2.300,00",-0.38,130,299.000,299.000
24.09.2018,"2.317,00",,,"2.308,76",0.00,0,0,0
21.09.2018,"2.317,00",,,"2.308,76",0.00,0,0,0
20.09.2018,"2.317,00","2.399,00","2.300,00","2.308,76",4.83,210,484.840,484.840
19.09.2018,"2.300,00","2.300,00","2.183,00","2.202,34",-2.12,"1,428",3.144.936,3.144.936
18.09.2018,"2.250,00",,,"2.250,00",0.00,0,0,0
17.09.2018,"2.250,00",,,"2.250,00",0.00,0,0,0
14.09.2018,"2.250,00",,,"2.250,00",0.00,0,0,0
13.09.2018,"2.250,00",,,"2.250,00",0.00,0,0,0
12.09.2018,"2.250,00","2.250,00","2.250,00","2.250,00",4.65,10,22.500,22.500
11.09.2018,"2.150,00",,,"2.150,00",0.00,0,0,0
10.09.2018,"2.150,00",,,"2.150,00",0.00,0,0,0
07.09.2018,"2.150,00","2.150,00","2.150,00","2.150,00",-2.27,260,559.000,559.000
06.09.2018,"2.200,00","2.200,00","2.200,00","2.200,00",-2.22,263,578.600,578.600
05.09.2018,"2.250,00",,,"2.250,00",0.00,0,0,0
04.09.2018,"2.250,00",,,"2.250,00",0.00,0,0,0
03.09.2018,"2.250,00",,,"2.250,00",0.00,0,0,0
31.08.2018,"2.250,00",,,"2.250,00",0.00,0,0,0
30.08.2018,"2.250,00","2.250,00","2.250,00","2.250,00",4.65,330,742.500,742.500
29.08.2018,"2.150,00","2.150,00","2.150,00","2.150,00",-1.83,76,163.400,163.400
27.08.2018,"2.190,00",,,"2.190,00",0.00,0,0,0
24.08.2018,"2.190,00",,,"2.190,00",0.00,0,0,0
23.08.2018,"2.190,00",,,"2.190,00",0.00,0,0,0
22.08.2018,"2.190,00",,,"2.190,00",0.00,0,0,0
21.08.2018,"2.190,00","2.190,00","2.190,00","2.190,00",-0.05,24,52.560,52.560
20.08.2018,"2.191,00",,,"2.191,00",0.00,0,0,0
17.08.2018,"2.191,00",,,"2.191,00",0.00,0,0,0
16.08.2018,"2.191,00",,,"2.191,00",0.00,0,0,0
15.08.2018,"2.191,00","2.191,00","2.191,00","2.191,00",-7.24,67,146.797,146.797
14.08.2018,"2.362,00",,,"2.362,00",0.00,0,0,0
13.08.2018,"2.362,00",,,"2.362,00",0.00,0,0,0
10.08.2018,"2.362,00","2.362,00","2.362,00","2.362,00",2.70,34,80.308,80.308
09.08.2018,"2.300,00","2.300,00","2.300,00","2.300,00",-2.13,86,197.800,197.800
08.08.2018,"2.350,00","2.350,00","2.350,00","2.350,00",1.29,150,352.500,352.500
07.08.2018,"2.320,00","2.320,00","2.320,00","2.320,00",0.87,50,116.000,116.000
06.08.2018,"2.300,00","2.300,00","2.300,00","2.300,00",0.00,13,29.900,29.900
03.08.2018,"2.300,00",,,"2.300,00",0.00,0,0,0
01.08.2018,"2.300,00",,,"2.300,00",0.00,0,0,0
31.07.2018,"2.300,00","2.300,00","2.300,00","2.300,00",0.00,202,464.600,464.600
30.07.2018,"2.300,00","2.300,00","2.300,00","2.300,00",3.09,4,9.200,9.200
27.07.2018,"2.231,00",,,"2.231,00",0.00,0,0,0
26.07.2018,"2.231,00",,,"2.231,00",0.00,0,0,0
25.07.2018,"2.231,00",,,"2.231,00",0.00,0,0,0
24.07.2018,"2.231,00","2.231,00","2.231,00","2.231,00",-3.00,7,15.617,15.617
23.07.2018,"2.300,00",,,"2.300,00",0.00,0,0,0
20.07.2018,"2.300,00",,,"2.300,00",0.00,0,0,0
19.07.2018,"2.300,00",,,"2.300,00",0.00,0,0,0
18.07.2018,"2.300,00",,,"2.300,00",0.00,0,0,0
17.07.2018,"2.300,00",,,"2.300,00",0.00,0,0,0
16.07.2018,"2.300,00","2.300,00","2.300,00","2.300,00",-0.77,89,204.700,204.700
13.07.2018,"2.328,00",,,"2.317,77",0.00,0,0,0
12.07.2018,"2.328,00",,,"2.317,77",0.00,0,0,0
11.07.2018,"2.328,00",,,"2.317,77",0.00,0,0,0
10.07.2018,"2.328,00","2.328,00","2.300,00","2.317,77",-0.44,243,563.218,563.218
09.07.2018,"2.328,00",,,"2.328,00",0.00,0,0,0
06.07.2018,"2.328,00",,,"2.328,00",0.00,0,0,0
05.07.2018,"2.328,00",,,"2.328,00",0.00,0,0,0
04.07.2018,"2.328,00",,,"2.328,00",0.00,0,0,0
03.07.2018,"2.328,00",,,"2.328,00",0.00,0,0,0
02.07.2018,"2.328,00","2.328,00","2.328,00","2.328,00",-0.16,22,51.216,51.216
29.06.2018,"2.328,00",,,"2.331,78",0.00,0,0,0
28.06.2018,"2.328,00",,,"2.331,78",0.00,0,0,0
27.06.2018,"2.328,00",,,"2.331,78",0.00,0,0,0
26.06.2018,"2.328,00","2.335,00","2.328,00","2.331,78",-2.84,370,862.760,862.760
25.06.2018,"2.400,00","2.400,00","2.400,00","2.400,00",4.35,200,480.000,480.000
22.06.2018,"2.300,00","2.300,00","2.299,00","2.299,91",0.45,"1,181",2.716.193,2.716.193
21.06.2018,"2.290,00","2.290,00","2.288,00","2.289,59",2.92,972,2.225.480,2.225.480
20.06.2018,"2.225,00",,,"2.224,70",0.00,0,0,0
19.06.2018,"2.225,00","2.225,00","2.222,00","2.224,70",-2.85,499,1.110.125,1.110.125
18.06.2018,"2.290,00","2.290,00","2.290,00","2.290,00",6.76,10,22.900,22.900
14.06.2018,"2.145,00","2.145,00","2.145,00","2.145,00",7.25,30,64.350,64.350
13.06.2018,"2.000,00","2.000,00","2.000,00","2.000,00",0.00,200,400.000,400.000
12.06.2018,"2.000,00","2.000,00","2.000,00","2.000,00",0.00,26,52.000,52.000
11.06.2018,"2.000,00",,,"2.000,00",0.00,0,0,0
08.06.2018,"2.000,00","2.000,00","2.000,00","2.000,00",0.00,30,60.000,60.000
07.06.2018,"2.000,00",,,"2.000,00",0.00,0,0,0
06.06.2018,"2.000,00","2.000,00","2.000,00","2.000,00",2.62,50,100.000,100.000
05.06.2018,"1.949,00",,,"1.949,00",0.00,0,0,0
04.06.2018,"1.949,00",,,"1.949,00",0.00,0,0,0
01.06.2018,"1.949,00",,,"1.949,00",0.00,0,0,0
31.05.2018,"1.949,00",,,"1.949,00",0.00,0,0,0
30.05.2018,"1.949,00",,,"1.949,00",0.00,0,0,0
29.05.2018,"1.949,00",,,"1.949,00",0.00,0,0,0
28.05.2018,"1.949,00",,,"1.949,00",0.00,0,0,0
23.05.2018,"1.949,00",,,"1.949,00",0.00,0,0,0
22.05.2018,"1.949,00",,,"1.949,00",0.00,0,0,0
21.05.2018,"1.949,00",,,"1.949,00",0.00,0,0,0
18.05.2018,"1.949,00",,,"1.949,00",0.00,0,0,0
17.05.2018,"1.949,00","1.949,00","1.949,00","1.949,00",0.00,34,66.266,66.266
16.05.2018,"1.949,00",,,"1.949,00",0.00,0,0,0
15.05.2018,"1.949,00",,,"1.949,00",0.00,0,0,0
14.05.2018,"1.949,00","1.949,00","1.949,00","1.949,00",2.26,16,31.184,31.184
11.05.2018,"1.906,00","1.906,00","1.906,00","1.906,00",0.00,51,97.206,97.206
10.05.2018,"1.906,00","1.906,00","1.906,00","1.906,00",-2.96,2,3.812,3.812
09.05.2018,"1.965,00",,,"1.964,13",0.00,0,0,0
08.05.2018,"1.965,00",,,"1.964,13",0.00,0,0,0
07.05.2018,"1.965,00","1.965,00","1.964,00","1.964,13",1.24,61,119.812,119.812
04.05.2018,"1.940,00","1.940,00","1.940,00","1.940,00",-1.49,47,91.180,91.180
03.05.2018,"1.970,00",,,"1.969,25",0.00,0,0,0
02.05.2018,"1.970,00","1.970,00","1.940,00","1.969,25",-0.44,120,236.310,236.310
30.04.2018,"1.978,00",,,"1.977,86",0.00,0,0,0
27.04.2018,"1.978,00","1.978,00","1.977,00","1.977,86",-0.11,348,688.296,688.296
26.04.2018,"1.980,00",,,"1.980,00",0.00,0,0,0
25.04.2018,"1.980,00",,,"1.980,00",0.00,0,0,0
24.04.2018,"1.980,00",,,"1.980,00",0.00,0,0,0
23.04.2018,"1.980,00",,,"1.980,00",0.00,0,0,0
20.04.2018,"1.980,00",,,"1.980,00",0.00,0,0,0
19.04.2018,"1.980,00",,,"1.980,00",0.00,0,0,0
18.04.2018,"1.980,00",,,"1.980,00",0.00,0,0,0
17.04.2018,"1.980,00",,,"1.980,00",0.00,0,0,0
16.04.2018,"1.980,00","1.980,00","1.980,00","1.980,00",-0.28,7,13.860,13.860
13.04.2018,"1.980,00",,,"1.985,49",0.00,0,0,0
12.04.2018,"1.980,00",,,"1.985,49",0.00,0,0,0
11.04.2018,"1.980,00","2.050,00","1.980,00","1.985,49",-2.67,51,101.260,101.260
10.04.2018,"2.040,00","2.040,00","2.040,00","2.040,00",-0.01,45,91.800,91.800
05.04.2018,"2.040,00","2.042,00","2.040,00","2.040,12",-0.48,400,816.050,816.050
04.04.2018,"2.050,00","2.050,00","2.050,00","2.050,00",0.04,337,690.850,690.850
03.04.2018,"2.050,00",,,"2.049,16",0.00,0,0,0
02.04.2018,"2.050,00","2.050,00","2.049,00","2.049,16",-2.42,124,254.096,254.096
30.03.2018,"2.100,00",,,"2.100,00",0.00,0,0,0
29.03.2018,"2.100,00","2.100,00","2.100,00","2.100,00",5.58,4,8.400,8.400
28.03.2018,"1.989,00","1.989,00","1.989,00","1.989,00",-2.98,3,5.967,5.967
27.03.2018,"2.050,00","2.050,00","2.050,00","2.050,00",0.74,300,615.000,615.000
26.03.2018,"2.035,00","2.035,00","2.035,00","2.035,00",0.00,300,610.500,610.500
23.03.2018,"2.035,00","2.035,00","2.035,00","2.035,00",-7.42,11,22.385,22.385
22.03.2018,"2.198,00",,,"2.198,00",0.00,0,0,0
21.03.2018,"2.198,00",,,"2.198,00",0.00,0,0,0
20.03.2018,"2.198,00",,,"2.198,00",0.00,0,0,0
19.03.2018,"2.198,00",,,"2.198,00",0.00,0,0,0
16.03.2018,"2.198,00",,,"2.198,00",0.00,0,0,0
15.03.2018,"2.198,00",,,"2.198,00",0.00,0,0,0
14.03.2018,"2.198,00",,,"2.198,00",0.00,0,0,0
13.03.2018,"2.198,00","2.198,00","2.198,00","2.198,00",3.00,65,142.870,142.870
12.03.2018,"2.134,00","2.134,00","2.134,00","2.134,00",-3.00,45,96.030,96.030
09.03.2018,"2.200,00","2.200,00","2.200,00","2.200,00",5.77,5,11.000,11.000
08.03.2018,"2.080,00","2.080,00","2.080,00","2.080,00",-9.45,10,20.800,20.800
07.03.2018,"2.297,00",,,"2.297,00",0.00,0,0,0
06.03.2018,"2.297,00","2.297,00","2.297,00","2.297,00",2.96,1,2.297,2.297
05.03.2018,"2.231,00",,,"2.231,00",0.00,0,0,0
02.03.2018,"2.231,00","2.231,00","2.231,00","2.231,00",-2.96,10,22.310,22.310
01.03.2018,"2.299,00","2.299,00","2.299,00","2.299,00",0.39,385,885.115,885.115
28.02.2018,"2.290,00",,,"2.290,00",0.00,0,0,0
27.02.2018,"2.290,00","2.290,00","2.290,00","2.290,00",0.44,28,64.120,64.120
26.02.2018,"2.280,00","2.280,00","2.280,00","2.280,00",-0.85,50,114.000,114.000
23.02.2018,"2.300,00",,,"2.299,47",0.00,0,0,0
22.02.2018,"2.300,00",,,"2.299,47",0.00,0,0,0
21.02.2018,"2.300,00","2.300,00","2.299,00","2.299,47",0.56,38,87.380,87.380
20.02.2018,"2.300,00","2.300,00","2.270,00","2.286,67",2.27,90,205.800,205.800
19.02.2018,"2.300,00","2.300,00","2.180,00","2.236,02",3.04,44,98.385,98.385
16.02.2018,"2.170,00","2.170,00","2.170,00","2.170,00",2.79,190,412.300,412.300
15.02.2018,"2.111,00",,,"2.111,00",0.00,0,0,0
14.02.2018,"2.111,00",,,"2.111,00",0.00,0,0,0
13.02.2018,"2.111,00",,,"2.111,00",0.00,0,0,0
12.02.2018,"2.111,00",,,"2.111,00",0.00,0,0,0
09.02.2018,"2.111,00","2.111,00","2.111,00","2.111,00",4.11,20,42.220,42.220
08.02.2018,"2.065,00",,,"2.027,61",0.00,0,0,0
07.02.2018,"2.065,00","2.400,00","2.005,00","2.027,61",-8.93,345,699.525,699.525
06.02.2018,"2.184,00","2.271,00","2.184,00","2.226,50",-8.01,20,44.530,44.530
05.02.2018,"2.420,00","2.421,00","2.420,00","2.420,49",-2.99,490,1.186.040,1.186.040
02.02.2018,"2.495,00",,,"2.495,00",0.00,0,0,0
01.02.2018,"2.495,00",,,"2.495,00",0.00,0,0,0
31.01.2018,"2.495,00","2.495,00","2.495,00","2.495,00",9.96,50,124.750,124.750
30.01.2018,"2.269,00","2.269,00","2.269,00","2.269,00",9.99,8,18.152,18.152
29.01.2018,"2.063,00",,,"2.063,00",0.00,0,0,0
26.01.2018,"2.063,00",,,"2.063,00",0.00,0,0,0
25.01.2018,"2.063,00",,,"2.063,00",0.00,0,0,0
24.01.2018,"2.063,00","2.063,00","2.063,00","2.063,00",0.15,10,20.630,20.630
23.01.2018,"2.060,00",,,"2.060,00",0.00,0,0,0
22.01.2018,"2.060,00","2.060,00","2.060,00","2.060,00",3.00,838,1.726.280,1.726.280
18.01.2018,"2.000,00",,,"2.000,00",0.00,0,0,0
17.01.2018,"2.000,00","2.000,00","2.000,00","2.000,00",0.00,"1,362",2.724.000,2.724.000
16.01.2018,"2.000,00","2.000,00","2.000,00","2.000,00",-3.85,820,1.640.000,1.640.000
15.01.2018,"2.080,00","2.080,00","2.080,00","2.080,00",-2.89,200,416.000,416.000
12.01.2018,"2.142,00",,,"2.142,00",0.00,0,0,0
11.01.2018,"2.142,00","2.142,00","2.142,00","2.142,00",9.99,2,4.284,4.284
10.01.2018,"1.950,00",,,"1.947,39",0.00,0,0,0
09.01.2018,"1.950,00",,,"1.947,39",0.00,0,0,0
05.01.2018,"1.950,00",,,"1.947,39",0.00,0,0,0
04.01.2018,"1.950,00",,,"1.947,39",0.00,0,0,0
03.01.2018,"1.950,00",,,"1.947,39",0.00,0,0,0
02.01.2018,"1.950,00",,,"1.947,39",0.00,0,0,0
30.12.2019,"2.300,00","2.300,00","2.300,00","2.300,00",-0.52,11,25.300,25.300
27.12.2019,"2.312,00","2.312,00","2.312,00","2.312,00",2.99,47,108.664,108.664
26.12.2019,"2.245,00",,,"2.244,77",0.00,0,0,0
25.12.2019,"2.245,00","2.246,00","2.231,00","2.244,77",-2.40,525,1.178.505,1.178.505
24.12.2019,"2.300,00",,,"2.300,00",0.00,0,0,0
23.12.2019,"2.300,00",,,"2.300,00",0.00,0,0,0
20.12.2019,"2.300,00","2.300,00","2.300,00","2.300,00",0.84,25,57.500,57.500
19.12.2019,"2.220,00","2.300,00","2.220,00","2.280,95",0.04,42,95.800,95.800
18.12.2019,"2.280,00",,,"2.280,00",0.00,0,0,0
17.12.2019,"2.280,00","2.280,00","2.280,00","2.280,00",-0.08,68,155.040,155.040
16.12.2019,"2.280,00","2.285,00","2.280,00","2.281,73",-2.91,75,171.130,171.130
13.12.2019,"2.350,00",,,"2.350,00",0.00,0,0,0
12.12.2019,"2.350,00",,,"2.350,00",0.00,0,0,0
11.12.2019,"2.350,00","2.350,00","2.350,00","2.350,00",2.17,15,35.250,35.250
10.12.2019,"2.300,00",,,"2.300,00",0.00,0,0,0
06.12.2019,"2.300,00","2.300,00","2.300,00","2.300,00",0.00,300,690.000,690.000
05.12.2019,"2.300,00",,,"2.300,00",0.00,0,0,0
04.12.2019,"2.300,00",,,"2.300,00",0.00,0,0,0
03.12.2019,"2.300,00","2.300,00","2.300,00","2.300,00",-2.17,300,690.000,690.000
02.12.2019,"2.351,00",,,"2.351,00",0.00,0,0,0
29.11.2019,"2.351,00",,,"2.351,00",0.00,0,0,0
28.11.2019,"2.351,00",,,"2.351,00",0.00,0,0,0
27.11.2019,"2.351,00",,,"2.351,00",0.00,0,0,0
26.11.2019,"2.351,00",,,"2.351,00",0.00,0,0,0
25.11.2019,"2.351,00","2.351,00","2.351,00","2.351,00",-2.81,215,505.465,505.465
22.11.2019,"2.420,00","2.420,00","2.419,00","2.419,07",2.94,28,67.734,67.734
21.11.2019,"2.350,00","2.350,00","2.350,00","2.350,00",2.17,72,169.200,169.200
20.11.2019,"2.300,00",,,"2.300,00",0.00,0,0,0
19.11.2019,"2.300,00",,,"2.300,00",0.00,0,0,0
18.11.2019,"2.300,00","2.300,00","2.300,00","2.300,00",-0.04,150,345.000,345.000
15.11.2019,"2.301,00",,,"2.301,00",0.00,0,0,0
14.11.2019,"2.301,00",,,"2.301,00",0.00,0,0,0
13.11.2019,"2.301,00",,,"2.301,00",0.00,0,0,0
12.11.2019,"2.301,00",,,"2.301,00",0.00,0,0,0
11.11.2019,"2.301,00","2.301,00","2.301,00","2.301,00",-0.14,178,409.578,409.578
08.11.2019,"2.300,00",,,"2.304,20",0.00,0,0,0
07.11.2019,"2.300,00","2.310,00","2.300,00","2.304,20",0.14,262,603.700,603.700
06.11.2019,"2.301,00",,,"2.301,00",0.00,0,0,0
05.11.2019,"2.301,00","2.301,00","2.301,00","2.301,00",-0.11,7,16.107,16.107
04.11.2019,"2.300,00","2.315,00","2.300,00","2.303,64",-1.97,33,76.020,76.020
01.11.2019,"2.350,00",,,"2.350,00",0.00,0,0,0
31.10.2019,"2.350,00",,,"2.350,00",0.00,0,0,0
30.10.2019,"2.350,00",,,"2.350,00",0.00,0,0,0
29.10.2019,"2.350,00",,,"2.350,00",0.00,0,0,0
28.10.2019,"2.350,00","2.350,00","2.350,00","2.350,00",1.29,10,23.500,23.500
25.10.2019,"2.320,00","2.320,00","2.320,00","2.320,00",0.00,70,162.400,162.400
24.10.2019,"2.320,00",,,"2.320,00",0.00,0,0,0
22.10.2019,"2.320,00","2.320,00","2.320,00","2.320,00",-0.91,12,27.840,27.840
21.10.2019,"2.350,00",,,"2.341,25",0.00,0,0,0
18.10.2019,"2.350,00","2.350,00","2.315,00","2.341,25",-0.41,40,93.650,93.650
17.10.2019,"2.351,00",,,"2.351,00",0.00,0,0,0
16.10.2019,"2.351,00","2.351,00","2.351,00","2.351,00",-0.01,12,28.212,28.212
15.10.2019,"2.351,00",,,"2.351,28",0.00,0,0,0
14.10.2019,"2.351,00","2.353,00","2.351,00","2.351,28",-2.84,160,376.204,376.204
10.10.2019,"2.420,00",,,"2.420,00",0.00,0,0,0
09.10.2019,"2.420,00","2.420,00","2.420,00","2.420,00",2.00,784,1.897.280,1.897.280
08.10.2019,"2.360,00",,,"2.372,50",0.00,0,0,0
07.10.2019,"2.360,00",,,"2.372,50",0.00,0,0,0
04.10.2019,"2.360,00",,,"2.372,50",0.00,0,0,0
03.10.2019,"2.360,00",,,"2.372,50",0.00,0,0,0
02.10.2019,"2.360,00",,,"2.372,50",0.00,0,0,0
01.10.2019,"2.360,00","2.400,00","2.360,00","2.372,50",-1.15,480,1.138.800,1.138.800
30.09.2019,"2.400,00","2.400,00","2.400,00","2.400,00",-0.54,615,1.476.000,1.476.000
27.09.2019,"2.401,00","2.460,00","2.401,00","2.413,05",-1.90,377,909.720,909.720
26.09.2019,"2.460,00","2.490,00","2.451,00","2.459,77",1.23,"2,862",7.039.855,7.039.855
25.09.2019,"2.430,00","2.430,00","2.430,00","2.430,00",1.25,220,534.600,534.600
24.09.2019,"2.400,00",,,"2.400,00",0.00,0,0,0
23.09.2019,"2.400,00","2.400,00","2.400,00","2.400,00",1.65,"1,196",2.870.400,2.870.400
20.09.2019,"2.361,00",,,"2.361,00",0.00,0,0,0
19.09.2019,"2.361,00","2.361,00","2.361,00","2.361,00",0.43,100,236.100,236.100
18.09.2019,"2.351,00",,,"2.351,00",0.00,0,0,0
17.09.2019,"2.351,00","2.351,00","2.351,00","2.351,00",0.00,55,129.305,129.305
16.09.2019,"2.351,00",,,"2.351,00",0.00,0,0,0
13.09.2019,"2.351,00",,,"2.351,00",0.00,0,0,0
12.09.2019,"2.351,00",,,"2.351,00",0.00,0,0,0
11.09.2019,"2.351,00","2.351,00","2.351,00","2.351,00",1.48,37,86.987,86.987
10.09.2019,"2.316,00","2.317,00","2.316,00","2.316,78",-0.61,255,590.780,590.780
06.09.2019,"2.331,00",,,"2.331,00",0.00,0,0,0
05.09.2019,"2.331,00","2.331,00","2.331,00","2.331,00",-0.12,38,88.578,88.578
04.09.2019,"2.360,00",,,"2.333,89",0.00,0,0,0
03.09.2019,"2.360,00","2.361,00","2.321,00","2.333,89",0.51,122,284.735,284.735
02.09.2019,"2.322,00","2.322,00","2.322,00","2.322,00",-2.97,127,294.894,294.894
30.08.2019,"2.402,00",,,"2.393,00",0.00,0,0,0
29.08.2019,"2.402,00",,,"2.393,00",0.00,0,0,0
27.08.2019,"2.402,00","2.402,00","2.384,00","2.393,00",0.55,240,574.320,574.320
26.08.2019,"2.380,00","2.380,00","2.380,00","2.380,00",-1.83,502,1.194.760,1.194.760
23.08.2019,"2.450,00","2.450,00","2.369,00","2.424,27",4.72,"1,314",3.185.495,3.185.495
22.08.2019,"2.315,00","2.315,00","2.315,00","2.315,00",0.65,7,16.205,16.205
21.08.2019,"2.300,00",,,"2.300,00",0.00,0,0,0
20.08.2019,"2.300,00",,,"2.300,00",0.00,0,0,0
19.08.2019,"2.300,00",,,"2.300,00",0.00,0,0,0
16.08.2019,"2.300,00","2.300,00","2.300,00","2.300,00",-0.21,500,1.150.000,1.150.000
15.08.2019,"2.300,00","2.315,00","2.300,00","2.304,83",-1.64,710,1.636.430,1.636.430
14.08.2019,"2.300,00","2.350,00","2.300,00","2.343,18",-0.84,66,154.650,154.650
13.08.2019,"2.350,00",,,"2.363,00",0.00,0,0,0
12.08.2019,"2.350,00","2.428,00","2.350,00","2.363,00",0.21,60,141.780,141.780
09.08.2019,"2.358,00",,,"2.358,00",0.00,0,0,0
08.08.2019,"2.358,00","2.358,00","2.358,00","2.358,00",-2.96,60,141.480,141.480
07.08.2019,"2.430,00",,,"2.430,00",0.00,0,0,0
06.08.2019,"2.430,00","2.430,00","2.430,00","2.430,00",2.84,5,12.150,12.150
05.08.2019,"2.400,00","2.400,00","2.359,00","2.362,99",0.15,569,1.344.540,1.344.540
01.08.2019,"2.359,00",,,"2.359,44",0.00,0,0,0
31.07.2019,"2.359,00","2.360,00","2.358,00","2.359,44",2.58,"1,386",3.270.178,3.270.178
30.07.2019,"2.300,00","2.300,00","2.300,00","2.300,00",-0.52,30,69.000,69.000
29.07.2019,"2.312,00",,,"2.312,00",0.00,0,0,0
26.07.2019,"2.312,00",,,"2.312,00",0.00,0,0,0
25.07.2019,"2.312,00",,,"2.312,00",0.00,0,0,0
24.07.2019,"2.312,00",,,"2.312,00",0.00,0,0,0
23.07.2019,"2.312,00",,,"2.312,00",0.00,0,0,0
22.07.2019,"2.312,00",,,"2.312,00",0.00,0,0,0
19.07.2019,"2.312,00",,,"2.312,00",0.00,0,0,0
18.07.2019,"2.312,00",,,"2.312,00",0.00,0,0,0
17.07.2019,"2.312,00","2.312,00","2.312,00","2.312,00",4.71,175,404.600,404.600
16.07.2019,"2.208,00","2.208,00","2.208,00","2.208,00",-7.38,46,101.568,101.568
15.07.2019,"2.380,00",,,"2.384,06",0.00,0,0,0
12.07.2019,"2.380,00",,,"2.384,06",0.00,0,0,0
11.07.2019,"2.380,00","2.385,00","2.314,00","2.384,06",-0.02,269,641.313,641.313
10.07.2019,"2.400,00",,,"2.384,62",0.00,0,0,0
09.07.2019,"2.400,00",,,"2.384,62",0.00,0,0,0
08.07.2019,"2.400,00",,,"2.384,62",0.00,0,0,0
05.07.2019,"2.400,00",,,"2.384,62",0.00,0,0,0
04.07.2019,"2.400,00",,,"2.384,62",0.00,0,0,0
03.07.2019,"2.400,00",,,"2.384,62",0.00,0,0,0
02.07.2019,"2.400,00",,,"2.384,62",0.00,0,0,0
01.07.2019,"2.400,00",,,"2.384,62",0.00,0,0,0
28.06.2019,"2.400,00",,,"2.384,62",0.00,0,0,0
27.06.2019,"2.400,00",,,"2.384,62",0.00,0,0,0
26.06.2019,"2.400,00",,,"2.384,62",0.00,0,0,0
25.06.2019,"2.400,00","2.400,00","2.360,00","2.384,62",-1.95,26,62.000,62.000
24.06.2019,"2.432,00",,,"2.432,00",0.00,0,0,0
21.06.2019,"2.432,00",,,"2.432,00",0.00,0,0,0
20.06.2019,"2.432,00",,,"2.432,00",0.00,0,0,0
19.06.2019,"2.432,00",,,"2.432,00",0.00,0,0,0
18.06.2019,"2.432,00",,,"2.432,00",0.00,0,0,0
17.06.2019,"2.432,00",,,"2.432,00",0.00,0,0,0
13.06.2019,"2.432,00",,,"2.432,00",0.00,0,0,0
12.06.2019,"2.432,00",,,"2.432,00",0.00,0,0,0
11.06.2019,"2.432,00",,,"2.432,00",0.00,0,0,0
10.06.2019,"2.432,00",,,"2.432,00",0.00,0,0,0
07.06.2019,"2.432,00",,,"2.432,00",0.00,0,0,0
06.06.2019,"2.432,00",,,"2.432,00",0.00,0,0,0
05.06.2019,"2.432,00",,,"2.432,00",0.00,0,0,0
03.06.2019,"2.432,00",,,"2.432,00",0.00,0,0,0
31.05.2019,"2.432,00",,,"2.432,00",0.00,0,0,0
30.05.2019,"2.432,00",,,"2.432,00",0.00,0,0,0
29.05.2019,"2.432,00",,,"2.432,00",0.00,0,0,0
28.05.2019,"2.432,00","2.432,00","2.432,00","2.432,00",0.62,390,948.480,948.480
27.05.2019,"2.417,00",,,"2.417,00",0.00,0,0,0
23.05.2019,"2.417,00",,,"2.417,00",0.00,0,0,0
22.05.2019,"2.417,00","2.417,00","2.417,00","2.417,00",-2.42,7,16.919,16.919
21.05.2019,"2.477,00","2.477,00","2.477,00","2.477,00",3.17,130,322.010,322.010
20.05.2019,"2.401,00","2.401,00","2.401,00","2.401,00",1.82,40,96.040,96.040
17.05.2019,"2.358,00","2.358,00","2.358,00","2.358,00",1.59,40,94.320,94.320
16.05.2019,"2.321,00","2.321,00","2.321,00","2.321,00",0.96,190,440.990,440.990
15.05.2019,"2.299,00",,,"2.299,00",0.00,0,0,0
14.05.2019,"2.299,00",,,"2.299,00",0.00,0,0,0
13.05.2019,"2.299,00",,,"2.299,00",0.00,0,0,0
10.05.2019,"2.299,00",,,"2.299,00",0.00,0,0,0
09.05.2019,"2.299,00",,,"2.299,00",0.00,0,0,0
08.05.2019,"2.299,00",,,"2.299,00",0.00,0,0,0
07.05.2019,"2.299,00",,,"2.299,00",0.00,0,0,0
06.05.2019,"2.299,00",,,"2.299,00",0.00,0,0,0
03.05.2019,"2.299,00",,,"2.299,00",0.00,0,0,0
02.05.2019,"2.299,00",,,"2.299,00",0.00,0,0,0
30.04.2019,"2.299,00",,,"2.299,00",0.00,0,0,0
25.04.2019,"2.299,00",,,"2.299,00",0.00,0,0,0
24.04.2019,"2.299,00",,,"2.299,00",0.00,0,0,0
23.04.2019,"2.299,00",,,"2.299,00",0.00,0,0,0
22.04.2019,"2.299,00",,,"2.299,00",0.00,0,0,0
19.04.2019,"2.299,00",,,"2.299,00",0.00,0,0,0
18.04.2019,"2.299,00",,,"2.299,00",0.00,0,0,0
17.04.2019,"2.299,00",,,"2.299,00",0.00,0,0,0
16.04.2019,"2.299,00",,,"2.299,00",0.00,0,0,0
15.04.2019,"2.299,00",,,"2.299,00",0.00,0,0,0
12.04.2019,"2.299,00","2.299,00","2.299,00","2.299,00",-0.04,20,45.980,45.980
11.04.2019,"2.300,00",,,"2.300,00",0.00,0,0,0
10.04.2019,"2.300,00",,,"2.300,00",0.00,0,0,0
09.04.2019,"2.300,00",,,"2.300,00",0.00,0,0,0
08.04.2019,"2.300,00",,,"2.300,00",0.00,0,0,0
05.04.2019,"2.300,00",,,"2.300,00",0.00,0,0,0
04.04.2019,"2.300,00",,,"2.300,00",0.00,0,0,0
03.04.2019,"2.300,00",,,"2.300,00",0.00,0,0,0
02.04.2019,"2.300,00","2.300,00","2.300,00","2.300,00",3.09,40,92.000,92.000
01.04.2019,"2.231,00",,,"2.231,00",0.00,0,0,0
29.03.2019,"2.231,00",,,"2.231,00",0.00,0,0,0
28.03.2019,"2.231,00",,,"2.231,00",0.00,0,0,0
27.03.2019,"2.231,00","2.231,00","2.231,00","2.231,00",-3.00,10,22.310,22.310
26.03.2019,"2.300,00","2.300,00","2.300,00","2.300,00",0.00,16,36.800,36.800
25.03.2019,"2.300,00",,,"2.300,00",0.00,0,0,0
22.03.2019,"2.300,00",,,"2.300,00",0.00,0,0,0
21.03.2019,"2.300,00",,,"2.300,00",0.00,0,0,0
20.03.2019,"2.300,00",,,"2.300,00",0.00,0,0,0
19.03.2019,"2.300,00",,,"2.300,00",0.00,0,0,0
18.03.2019,"2.300,00",,,"2.300,00",0.00,0,0,0
15.03.2019,"2.300,00",,,"2.300,00",0.00,0,0,0
14.03.2019,"2.300,00",,,"2.300,00",0.00,0,0,0
13.03.2019,"2.300,00",,,"2.300,00",0.00,0,0,0
12.03.2019,"2.300,00","2.300,00","2.300,00","2.300,00",-0.43,91,209.300,209.300
11.03.2019,"2.310,00",,,"2.310,00",0.00,0,0,0
08.03.2019,"2.310,00",,,"2.310,00",0.00,0,0,0
07.03.2019,"2.310,00","2.310,00","2.310,00","2.310,00",-0.31,198,457.380,457.380
06.03.2019,"2.279,00",,,"2.317,17",0.00,0,0,0
05.03.2019,"2.279,00",,,"2.317,17",0.00,0,0,0
04.03.2019,"2.279,00",,,"2.317,17",0.00,0,0,0
01.03.2019,"2.279,00",,,"2.317,17",0.00,0,0,0
28.02.2019,"2.279,00","2.349,00","2.227,00","2.317,17",1.19,168,389.284,389.284
27.02.2019,"2.290,00",,,"2.290,00",0.00,0,0,0
26.02.2019,"2.290,00",,,"2.290,00",0.00,0,0,0
25.02.2019,"2.290,00",,,"2.290,00",0.00,0,0,0
22.02.2019,"2.290,00",,,"2.290,00",0.00,0,0,0
21.02.2019,"2.290,00",,,"2.290,00",0.00,0,0,0
20.02.2019,"2.290,00",,,"2.290,00",0.00,0,0,0
19.02.2019,"2.290,00",,,"2.290,00",0.00,0,0,0
18.02.2019,"2.290,00",,,"2.290,00",0.00,0,0,0
15.02.2019,"2.290,00","2.290,00","2.290,00","2.290,00",4.09,23,52.670,52.670
14.02.2019,"2.200,00",,,"2.200,00",0.00,0,0,0
13.02.2019,"2.200,00",,,"2.200,00",0.00,0,0,0
12.02.2019,"2.200,00","2.200,00","2.200,00","2.200,00",0.40,50,110.000,110.000
11.02.2019,"2.171,00",,,"2.191,21",0.00,0,0,0
08.02.2019,"2.171,00",,,"2.191,21",0.00,0,0,0
07.02.2019,"2.171,00",,,"2.191,21",0.00,0,0,0
06.02.2019,"2.171,00","2.227,00","2.171,00","2.191,21",-1.61,97,212.547,212.547
05.02.2019,"2.227,00","2.227,00","2.227,00","2.227,00",-2.96,15,33.405,33.405
04.02.2019,"2.300,00",,,"2.294,97",0.00,0,0,0
01.02.2019,"2.300,00",,,"2.294,97",0.00,0,0,0
31.01.2019,"2.300,00",,,"2.294,97",0.00,0,0,0
30.01.2019,"2.300,00",,,"2.294,97",0.00,0,0,0
29.01.2019,"2.300,00",,,"2.294,97",0.00,0,0,0
28.01.2019,"2.300,00",,,"2.294,97",0.00,0,0,0
25.01.2019,"2.300,00",,,"2.294,97",0.00,0,0,0
24.01.2019,"2.300,00",,,"2.294,97",0.00,0,0,0
23.01.2019,"2.300,00",,,"2.294,97",0.00,0,0,0
22.01.2019,"2.300,00",,,"2.294,97",0.00,0,0,0
21.01.2019,"2.300,00",,,"2.294,97",0.00,0,0,0
18.01.2019,"2.300,00",,,"2.294,97",0.00,0,0,0
17.01.2019,"2.300,00",,,"2.294,97",0.00,0,0,0
16.01.2019,"2.300,00",,,"2.294,97",0.00,0,0,0
15.01.2019,"2.300,00",,,"2.294,97",0.00,0,0,0
14.01.2019,"2.300,00",,,"2.294,97",0.00,0,0,0
11.01.2019,"2.300,00",,,"2.294,97",0.00,0,0,0
10.01.2019,"2.300,00",,,"2.294,97",0.00,0,0,0
09.01.2019,"2.300,00",,,"2.294,97",0.00,0,0,0
08.01.2019,"2.300,00",,,"2.294,97",0.00,0,0,0
04.01.2019,"2.300,00",,,"2.294,97",0.00,0,0,0
03.01.2019,"2.300,00",,,"2.294,97",0.00,0,0,0
02.01.2019,"2.300,00",,,"2.294,97",0.00,0,0,0
30.12.2020,"1.950,00",,,"1.950,00",0.00,0,0,0
29.12.2020,"1.950,00",,,"1.950,00",0.00,0,0,0
28.12.2020,"1.950,00",,,"1.950,00",0.00,0,0,0
25.12.2020,"1.950,00",,,"1.950,00",0.00,0,0,0
24.12.2020,"1.950,00",,,"1.950,00",0.00,0,0,0
23.12.2020,"1.950,00",,,"1.950,00",0.00,0,0,0
22.12.2020,"1.950,00",,,"1.950,00",0.00,0,0,0
21.12.2020,"1.950,00",,,"1.950,00",0.00,0,0,0
18.12.2020,"1.950,00","1.950,00","1.950,00","1.950,00",0.04,100,195.000,195.000
17.12.2020,"1.950,00",,,"1.949,17",0.00,0,0,0
16.12.2020,"1.950,00","1.950,00","1.949,00","1.949,17",0.01,48,93.560,93.560
15.12.2020,"1.949,00",,,"1.949,00",0.00,0,0,0
14.12.2020,"1.949,00","1.949,00","1.949,00","1.949,00",0.26,10,19.490,19.490
11.12.2020,"1.944,00","1.944,00","1.944,00","1.944,00",-2.99,50,97.200,97.200
10.12.2020,"2.004,00",,,"2.004,00",0.00,0,0,0
09.12.2020,"2.004,00",,,"2.004,00",0.00,0,0,0
07.12.2020,"2.004,00",,,"2.004,00",0.00,0,0,0
04.12.2020,"2.004,00",,,"2.004,00",0.00,0,0,0
03.12.2020,"2.004,00",,,"2.004,00",0.00,0,0,0
02.12.2020,"2.004,00",,,"2.004,00",0.00,0,0,0
01.12.2020,"2.004,00",,,"2.004,00",0.00,0,0,0
30.11.2020,"2.004,00",,,"2.004,00",0.00,0,0,0
27.11.2020,"2.004,00",,,"2.004,00",0.00,0,0,0
26.11.2020,"2.004,00",,,"2.004,00",0.00,0,0,0
25.11.2020,"2.004,00",,,"2.004,00",0.00,0,0,0
24.11.2020,"2.004,00",,,"2.004,00",0.00,0,0,0
23.11.2020,"2.004,00",,,"2.004,00",0.00,0,0,0
20.11.2020,"2.004,00",,,"2.004,00",0.00,0,0,0
19.11.2020,"2.004,00",,,"2.004,00",0.00,0,0,0
18.11.2020,"2.004,00",,,"2.004,00",0.00,0,0,0
17.11.2020,"2.004,00",,,"2.004,00",0.00,0,0,0
16.11.2020,"2.004,00",,,"2.004,00",0.00,0,0,0
13.11.2020,"2.004,00",,,"2.004,00",0.00,0,0,0
12.11.2020,"2.004,00",,,"2.004,00",0.00,0,0,0
11.11.2020,"2.004,00",,,"2.004,00",0.00,0,0,0
10.11.2020,"2.004,00",,,"2.004,00",0.00,0,0,0
09.11.2020,"2.004,00",,,"2.004,00",0.00,0,0,0
06.11.2020,"2.004,00",,,"2.004,00",0.00,0,0,0
05.11.2020,"2.004,00",,,"2.004,00",0.00,0,0,0
04.11.2020,"2.004,00",,,"2.004,00",0.00,0,0,0
03.11.2020,"2.004,00",,,"2.004,00",0.00,0,0,0
02.11.2020,"2.004,00",,,"2.004,00",0.00,0,0,0
30.10.2020,"2.004,00",,,"2.004,00",0.00,0,0,0
29.10.2020,"2.004,00",,,"2.004,00",0.00,0,0,0
28.10.2020,"2.004,00",,,"2.004,00",0.00,0,0,0
27.10.2020,"2.004,00",,,"2.004,00",0.00,0,0,0
26.10.2020,"2.004,00",,,"2.004,00",0.00,0,0,0
22.10.2020,"2.004,00",,,"2.004,00",0.00,0,0,0
21.10.2020,"2.004,00",,,"2.004,00",0.00,0,0,0
20.10.2020,"2.004,00",,,"2.004,00",0.00,0,0,0
19.10.2020,"2.004,00",,,"2.004,00",0.00,0,0,0
16.10.2020,"2.004,00",,,"2.004,00",0.00,0,0,0
15.10.2020,"2.004,00",,,"2.004,00",0.00,0,0,0
14.10.2020,"2.004,00",,,"2.004,00",0.00,0,0,0
13.10.2020,"2.004,00",,,"2.004,00",0.00,0,0,0
09.10.2020,"2.004,00",,,"2.004,00",0.00,0,0,0
08.10.2020,"2.004,00",,,"2.004,00",0.00,0,0,0
07.10.2020,"2.004,00",,,"2.004,00",0.00,0,0,0
06.10.2020,"2.004,00",,,"2.004,00",0.00,0,0,0
05.10.2020,"2.004,00",,,"2.004,00",0.00,0,0,0
02.10.2020,"2.004,00",,,"2.004,00",0.00,0,0,0
01.10.2020,"2.004,00",,,"2.004,00",0.00,0,0,0
30.09.2020,"2.004,00",,,"2.004,00",0.00,0,0,0
29.09.2020,"2.004,00","2.004,00","2.004,00","2.004,00",2.98,10,20.040,20.040
28.09.2020,"1.946,00","1.946,00","1.946,00","1.946,00",0.00,18,35.028,35.028
25.09.2020,"1.946,00","1.946,00","1.946,00","1.946,00",2.96,227,441.742,441.742
24.09.2020,"1.890,00",,,"1.890,00",0.00,0,0,0
23.09.2020,"1.890,00","1.890,00","1.890,00","1.890,00",0.16,90,170.100,170.100
22.09.2020,"1.887,00",,,"1.887,00",0.00,0,0,0
21.09.2020,"1.887,00",,,"1.887,00",0.00,0,0,0
18.09.2020,"1.887,00",,,"1.887,00",0.00,0,0,0
17.09.2020,"1.887,00","1.887,00","1.887,00","1.887,00",-0.05,106,200.022,200.022
16.09.2020,"1.888,00","1.888,00","1.888,00","1.888,00",12.05,231,436.128,436.128
15.09.2020,"1.807,00",,,"1.684,91",0.00,0,0,0
14.09.2020,"1.807,00",,,"1.684,91",0.00,0,0,0
11.09.2020,"1.807,00",,,"1.684,91",0.00,0,0,0
10.09.2020,"1.807,00",,,"1.684,91",0.00,0,0,0
09.09.2020,"1.807,00",,,"1.684,91",0.00,0,0,0
07.09.2020,"1.807,00","1.807,00","1.595,00","1.684,91",2.49,565,951.975,951.975
04.09.2020,"1.644,00",,,"1.644,00",0.00,0,0,0
03.09.2020,"1.644,00",,,"1.644,00",0.00,0,0,0
02.09.2020,"1.644,00",,,"1.644,00",0.00,0,0,0
01.09.2020,"1.644,00",,,"1.644,00",0.00,0,0,0
31.08.2020,"1.644,00",,,"1.644,00",0.00,0,0,0
27.08.2020,"1.644,00",,,"1.644,00",0.00,0,0,0
26.08.2020,"1.644,00",,,"1.644,00",0.00,0,0,0
25.08.2020,"1.644,00",,,"1.644,00",0.00,0,0,0
24.08.2020,"1.644,00",,,"1.644,00",0.00,0,0,0
21.08.2020,"1.644,00",,,"1.644,00",0.00,0,0,0
20.08.2020,"1.644,00",,,"1.644,00",0.00,0,0,0
19.08.2020,"1.644,00",,,"1.644,00",0.00,0,0,0
18.08.2020,"1.644,00",,,"1.644,00",0.00,0,0,0
17.08.2020,"1.644,00","1.644,00","1.644,00","1.644,00",3.92,33,54.252,54.252
14.08.2020,"1.582,00",,,"1.582,00",0.00,0,0,0
13.08.2020,"1.582,00",,,"1.582,00",0.00,0,0,0
12.08.2020,"1.582,00",,,"1.582,00",0.00,0,0,0
11.08.2020,"1.582,00",,,"1.582,00",0.00,0,0,0
10.08.2020,"1.582,00",,,"1.582,00",0.00,0,0,0
07.08.2020,"1.582,00",,,"1.582,00",0.00,0,0,0
06.08.2020,"1.582,00",,,"1.582,00",0.00,0,0,0
05.08.2020,"1.582,00","1.582,00","1.582,00","1.582,00",1.02,10,15.820,15.820
04.08.2020,"1.566,00",,,"1.566,00",0.00,0,0,0
31.07.2020,"1.566,00","1.566,00","1.566,00","1.566,00",9.74,26,40.716,40.716
30.07.2020,"1.427,00",,,"1.427,00",0.00,0,0,0
29.07.2020,"1.427,00",,,"1.427,00",0.00,0,0,0
28.07.2020,"1.427,00",,,"1.427,00",0.00,0,0,0
27.07.2020,"1.427,00",,,"1.427,00",0.00,0,0,0
24.07.2020,"1.427,00","1.427,00","1.427,00","1.427,00",0.18,67,95.609,95.609
23.07.2020,"1.424,00",,,"1.424,41",0.00,0,0,0
22.07.2020,"1.424,00",,,"1.424,41",0.00,0,0,0
21.07.2020,"1.424,00",,,"1.424,41",0.00,0,0,0
20.07.2020,"1.424,00",,,"1.424,41",0.00,0,0,0
17.07.2020,"1.424,00",,,"1.424,41",0.00,0,0,0
16.07.2020,"1.424,00",,,"1.424,41",0.00,0,0,0
14.07.2020,"1.424,00",,,"1.424,41",0.00,0,0,0
13.07.2020,"1.424,00",,,"1.424,41",0.00,0,0,0
10.07.2020,"1.424,00",,,"1.424,41",0.00,0,0,0
09.07.2020,"1.424,00",,,"1.424,41",0.00,0,0,0
08.07.2020,"1.424,00",,,"1.424,41",0.00,0,0,0
07.07.2020,"1.424,00",,,"1.424,41",0.00,0,0,0
06.07.2020,"1.424,00",,,"1.424,41",0.00,0,0,0
03.07.2020,"1.424,00",,,"1.424,41",0.00,0,0,0
02.07.2020,"1.424,00",,,"1.424,41",0.00,0,0,0
01.07.2020,"1.424,00",,,"1.424,41",0.00,0,0,0
30.06.2020,"1.424,00",,,"1.424,41",0.00,0,0,0
29.06.2020,"1.424,00",,,"1.424,41",0.00,0,0,0
26.06.2020,"1.424,00","1.425,00","1.424,00","1.424,41",-9.96,41,58.401,58.401
25.06.2020,"1.582,00",,,"1.582,00",0.00,0,0,0
24.06.2020,"1.582,00",,,"1.582,00",0.00,0,0,0
23.06.2020,"1.582,00",,,"1.582,00",0.00,0,0,0
22.06.2020,"1.582,00",,,"1.582,00",0.00,0,0,0
19.06.2020,"1.582,00",,,"1.582,00",0.00,0,0,0
18.06.2020,"1.582,00",,,"1.582,00",0.00,0,0,0
17.06.2020,"1.582,00",,,"1.582,00",0.00,0,0,0
16.06.2020,"1.582,00",,,"1.582,00",0.00,0,0,0
15.06.2020,"1.582,00",,,"1.582,00",0.00,0,0,0
12.06.2020,"1.582,00",,,"1.582,00",0.00,0,0,0
11.06.2020,"1.582,00",,,"1.582,00",0.00,0,0,0
10.06.2020,"1.582,00",,,"1.582,00",0.00,0,0,0
09.06.2020,"1.582,00",,,"1.582,00",0.00,0,0,0
08.06.2020,"1.582,00",,,"1.582,00",0.00,0,0,0
04.06.2020,"1.582,00",,,"1.582,00",0.00,0,0,0
03.06.2020,"1.582,00",,,"1.582,00",0.00,0,0,0
02.06.2020,"1.582,00",,,"1.582,00",0.00,0,0,0
01.06.2020,"1.582,00",,,"1.582,00",0.00,0,0,0
29.05.2020,"1.582,00",,,"1.582,00",0.00,0,0,0
28.05.2020,"1.582,00",,,"1.582,00",0.00,0,0,0
27.05.2020,"1.582,00",,,"1.582,00",0.00,0,0,0
26.05.2020,"1.582,00",,,"1.582,00",0.00,0,0,0
22.05.2020,"1.582,00",,,"1.582,00",0.00,0,0,0
21.05.2020,"1.582,00",,,"1.582,00",0.00,0,0,0
20.05.2020,"1.582,00",,,"1.582,00",0.00,0,0,0
19.05.2020,"1.582,00",,,"1.582,00",0.00,0,0,0
18.05.2020,"1.582,00",,,"1.582,00",0.00,0,0,0
15.05.2020,"1.582,00","1.582,00","1.582,00","1.582,00",-0.69,90,142.380,142.380
14.05.2020,"1.593,00",,,"1.593,00",0.00,0,0,0
13.05.2020,"1.593,00",,,"1.593,00",0.00,0,0,0
12.05.2020,"1.593,00",,,"1.593,00",0.00,0,0,0
11.05.2020,"1.593,00",,,"1.593,00",0.00,0,0,0
08.05.2020,"1.593,00",,,"1.593,00",0.00,0,0,0
07.05.2020,"1.593,00",,,"1.593,00",0.00,0,0,0
06.05.2020,"1.593,00","1.593,00","1.593,00","1.593,00",0.00,5,7.965,7.965
05.05.2020,"1.555,00","1.603,00","1.555,00","1.593,00",-0.55,25,39.825,39.825
04.05.2020,"1.602,00","1.602,00","1.601,00","1.601,85",0.05,"1,150",1.842.125,1.842.125
30.04.2020,"1.601,00","1.601,00","1.600,00","1.600,99",-3.14,219,350.616,350.616
29.04.2020,"1.730,00","1.730,00","1.540,00","1.652,84",4.47,421,695.846,695.846
28.04.2020,"1.453,00","1.595,00","1.453,00","1.582,09",9.11,22,34.806,34.806
27.04.2020,"1.450,00","1.450,00","1.450,00","1.450,00",9.74,50,72.500,72.500
24.04.2020,"1.351,00","1.351,00","1.300,00","1.321,27",4.57,370,488.870,488.870
23.04.2020,"1.270,00","1.300,00","1.262,00","1.263,47",-9.43,597,754.290,754.290
22.04.2020,"1.395,00","1.395,00","1.395,00","1.395,00",-7.00,100,139.500,139.500
21.04.2020,"1.500,00","1.500,00","1.500,00","1.500,00",-8.14,110,165.000,165.000
16.04.2020,"1.633,00",,,"1.633,00",0.00,0,0,0
15.04.2020,"1.633,00","1.633,00","1.633,00","1.633,00",-9.08,120,195.960,195.960
14.04.2020,"1.796,00",,,"1.796,00",0.00,0,0,0
13.04.2020,"1.796,00",,,"1.796,00",0.00,0,0,0
10.04.2020,"1.796,00",,,"1.796,00",0.00,0,0,0
09.04.2020,"1.796,00",,,"1.796,00",0.00,0,0,0
08.04.2020,"1.796,00",,,"1.796,00",0.00,0,0,0
07.04.2020,"1.796,00",,,"1.796,00",0.00,0,0,0
06.04.2020,"1.796,00",,,"1.796,00",0.00,0,0,0
03.04.2020,"1.796,00",,,"1.796,00",0.00,0,0,0
02.04.2020,"1.796,00",,,"1.796,00",0.00,0,0,0
01.04.2020,"1.796,00","1.796,00","1.796,00","1.796,00",-9.97,50,89.800,89.800
31.03.2020,"1.995,00",,,"1.995,00",0.00,0,0,0
30.03.2020,"1.995,00",,,"1.995,00",0.00,0,0,0
27.03.2020,"1.995,00",,,"1.995,00",0.00,0,0,0
26.03.2020,"1.995,00",,,"1.995,00",0.00,0,0,0
25.03.2020,"1.995,00",,,"1.995,00",0.00,0,0,0
24.03.2020,"1.995,00",,,"1.995,00",0.00,0,0,0
23.03.2020,"1.995,00",,,"1.995,00",0.00,0,0,0
20.03.2020,"1.995,00","1.995,00","1.995,00","1.995,00",-5.00,58,115.710,115.710
19.03.2020,"2.100,00",,,"2.100,00",0.00,0,0,0
18.03.2020,"2.100,00",,,"2.100,00",0.00,0,0,0
17.03.2020,"2.100,00",,,"2.100,00",0.00,0,0,0
16.03.2020,"2.100,00",,,"2.100,00",0.00,0,0,0
13.03.2020,"2.100,00",,,"2.100,00",0.00,0,0,0
12.03.2020,"2.100,00",,,"2.100,00",0.00,0,0,0
11.03.2020,"2.100,00",,,"2.100,00",0.00,0,0,0
10.03.2020,"2.100,00",,,"2.100,00",0.00,0,0,0
09.03.2020,"2.100,00",,,"2.100,00",0.00,0,0,0
06.03.2020,"2.100,00","2.100,00","2.100,00","2.100,00",-6.66,100,210.000,210.000
05.03.2020,"2.250,00",,,"2.249,77",0.00,0,0,0
04.03.2020,"2.250,00",,,"2.249,77",0.00,0,0,0
03.03.2020,"2.250,00",,,"2.249,77",0.00,0,0,0
02.03.2020,"2.250,00",,,"2.249,77",0.00,0,0,0
28.02.2020,"2.250,00","2.250,00","2.249,00","2.249,77",-0.01,854,1.921.306,1.921.306
27.02.2020,"2.250,00",,,"2.250,00",0.00,0,0,0
26.02.2020,"2.250,00",,,"2.250,00",0.00,0,0,0
25.02.2020,"2.250,00","2.250,00","2.250,00","2.250,00",0.00,30,67.500,67.500
24.02.2020,"2.250,00",,,"2.250,00",0.00,0,0,0
21.02.2020,"2.250,00","2.250,00","2.250,00","2.250,00",0.00,590,1.327.500,3.890.500
20.02.2020,"2.250,00","2.250,00","2.250,00","2.250,00",0.00,20,45.000,45.000
19.02.2020,"2.250,00","2.250,00","2.250,00","2.250,00",-1.04,100,225.000,225.000
18.02.2020,"2.251,00",,,"2.273,55",0.00,0,0,0
17.02.2020,"2.251,00","2.300,00","2.240,00","2.273,55",4.20,306,695.706,695.706
14.02.2020,"2.171,00","2.200,00","2.162,00","2.181,89",-2.62,260,567.292,567.292
13.02.2020,"2.250,00","2.250,00","2.201,00","2.240,65",-3.11,131,293.525,293.525
12.02.2020,"2.233,00","2.350,00","2.186,00","2.312,48",6.97,992,2.293.976,2.293.976
11.02.2020,"2.224,00","2.224,00","2.160,00","2.161,83",-9.92,"1,837",3.971.280,3.971.280
10.02.2020,"2.400,00","2.400,00","2.400,00","2.400,00",2.00,30,72.000,72.000
07.02.2020,"2.353,00","2.353,00","2.353,00","2.353,00",-2.97,34,80.002,80.002
06.02.2020,"2.425,00","2.425,00","2.425,00","2.425,00",-0.02,6,14.550,14.550
05.02.2020,"2.425,00",,,"2.425,59",0.00,0,0,0
04.02.2020,"2.425,00","2.426,00","2.425,00","2.425,59",-1.02,70,169.791,169.791
03.02.2020,"2.478,00",,,"2.450,65",0.00,0,0,0
31.01.2020,"2.478,00","2.478,00","2.448,00","2.450,65",1.06,257,629.816,629.816
30.01.2020,"2.425,00","2.425,00","2.425,00","2.425,00",0.00,500,1.212.500,1.212.500
29.01.2020,"2.425,00","2.425,00","2.425,00","2.425,00",1.04,145,351.625,351.625
28.01.2020,"2.400,00","2.400,00","2.400,00","2.400,00",0.31,288,691.200,691.200
27.01.2020,"2.395,00","2.395,00","2.390,00","2.392,50",0.17,100,239.250,239.250
24.01.2020,"2.500,00",,,"2.388,40",0.00,0,0,0
23.01.2020,"2.500,00",,,"2.388,40",0.00,0,0,0
22.01.2020,"2.500,00","2.500,00","2.373,00","2.388,40",1.69,332,792.950,792.950
21.01.2020,"2.350,00","2.350,00","2.348,00","2.348,75",1.94,200,469.750,9.469.750
20.01.2020,"2.304,00",,,"2.304,00",0.00,0,0,0
17.01.2020,"2.304,00",,,"2.304,00",0.00,0,0,0
16.01.2020,"2.304,00","2.304,00","2.304,00","2.304,00",-2.99,50,115.200,115.200
15.01.2020,"2.375,00",,,"2.375,00",0.00,0,0,0
14.01.2020,"2.375,00",,,"2.375,00",0.00,0,0,0
13.01.2020,"2.375,00","2.375,00","2.375,00","2.375,00",3.26,90,213.750,213.750
10.01.2020,"2.300,00","2.300,00","2.300,00","2.300,00",0.00,247,568.100,568.100
09.01.2020,"2.300,00",,,"2.300,00",0.00,0,0,0
08.01.2020,"2.300,00","2.300,00","2.300,00","2.300,00",0.00,15,34.500,34.500
03.01.2020,"2.300,00",,,"2.300,00",0.00,0,0,0
02.01.2020,"2.300,00",,,"2.300,00",0.00,0,0,0
30.12.2021,"2.350,00",,,"2.350,00",0.00,0,0,0
29.12.2021,"2.350,00",,,"2.350,00",0.00,0,0,0
28.12.2021,"2.350,00",,,"2.350,00",0.00,0,0,0
27.12.2021,"2.350,00","2.350,00","2.350,00","2.350,00",0.76,280,658.000,658.000
24.12.2021,"2.350,00","2.350,00","2.283,00","2.332,24",-0.76,490,1.142.800,1.142.800
23.12.2021,"2.350,00","2.350,00","2.350,00","2.350,00",-0.09,580,1.363.000,1.363.000
22.12.2021,"2.352,00",,,"2.352,00",0.00,0,0,0
21.12.2021,"2.352,00",,,"2.352,00",0.00,0,0,0
20.12.2021,"2.352,00",,,"2.352,00",0.00,0,0,0
17.12.2021,"2.352,00",,,"2.352,00",0.00,0,0,0
16.12.2021,"2.352,00",,,"2.352,00",0.00,0,0,0
15.12.2021,"2.352,00",,,"2.352,00",0.00,0,0,0
14.12.2021,"2.352,00",,,"2.352,00",0.00,0,0,0
13.12.2021,"2.352,00",,,"2.352,00",0.00,0,0,0
10.12.2021,"2.352,00","2.352,00","2.352,00","2.352,00",0.00,15,35.280,35.280
09.12.2021,"2.352,00",,,"2.352,00",0.00,0,0,0
07.12.2021,"2.352,00","2.352,00","2.352,00","2.352,00",0.00,60,141.120,141.120
06.12.2021,"2.352,00",,,"2.352,00",0.00,0,0,0
03.12.2021,"2.352,00",,,"2.352,00",0.00,0,0,0
02.12.2021,"2.352,00",,,"2.352,00",0.00,0,0,0
01.12.2021,"2.352,00",,,"2.352,00",0.00,0,0,0
30.11.2021,"2.352,00",,,"2.352,00",0.00,0,0,0
29.11.2021,"2.352,00",,,"2.352,00",0.00,0,0,0
26.11.2021,"2.352,00",,,"2.352,00",0.00,0,0,0
25.11.2021,"2.352,00",,,"2.352,00",0.00,0,0,0
24.11.2021,"2.352,00",,,"2.352,00",0.00,0,0,0
23.11.2021,"2.352,00",,,"2.352,00",0.00,0,0,0
22.11.2021,"2.352,00","2.352,00","2.352,00","2.352,00",0.09,25,58.800,2.408.800
19.11.2021,"2.350,00",,,"2.350,00",0.00,0,0,0
18.11.2021,"2.350,00","2.350,00","2.350,00","2.350,00",-4.55,25,58.750,58.750
17.11.2021,"2.462,00",,,"2.462,00",0.00,0,0,0
16.11.2021,"2.462,00",,,"2.462,00",0.00,0,0,0
15.11.2021,"2.462,00",,,"2.462,00",0.00,0,0,0
12.11.2021,"2.462,00",,,"2.462,00",0.00,0,0,0
11.11.2021,"2.462,00",,,"2.462,00",0.00,0,0,0
10.11.2021,"2.462,00",,,"2.462,00",0.00,0,0,0
09.11.2021,"2.462,00","2.462,00","2.462,00","2.462,00",-0.02,250,615.500,615.500
08.11.2021,"2.450,00",,,"2.462,50",0.00,0,0,0
05.11.2021,"2.450,00",,,"2.462,50",0.00,0,0,0
04.11.2021,"2.450,00",,,"2.462,50",0.00,0,0,0
03.11.2021,"2.450,00",,,"2.462,50",0.00,0,0,0
02.11.2021,"2.450,00",,,"2.462,50",0.00,0,0,0
01.11.2021,"2.450,00","2.500,00","2.450,00","2.462,50",-1.42,"1,000",2.462.500,2.462.500
29.10.2021,"2.498,00","2.498,00","2.498,00","2.498,00",2.34,6,14.988,14.988
28.10.2021,"2.441,00",,,"2.441,00",0.00,0,0,0
27.10.2021,"2.441,00",,,"2.441,00",0.00,0,0,0
26.10.2021,"2.441,00",,,"2.441,00",0.00,0,0,0
25.10.2021,"2.441,00","2.441,00","2.441,00","2.441,00",3.00,21,51.261,51.261
22.10.2021,"2.370,00","2.370,00","2.370,00","2.370,00",0.04,76,180.120,180.120
21.10.2021,"2.369,00",,,"2.369,00",0.00,0,0,0
20.10.2021,"2.369,00",,,"2.369,00",0.00,0,0,0
19.10.2021,"2.369,00","2.369,00","2.369,00","2.369,00",1.60,10,23.690,23.690
18.10.2021,"2.336,00",,,"2.331,62",0.00,0,0,0
15.10.2021,"2.336,00","2.336,00","2.330,00","2.331,62",2.79,85,198.188,198.188
14.10.2021,"2.300,00","2.300,00","2.250,00","2.268,40",3.11,125,283.550,283.550
13.10.2021,"2.200,00",,,"2.200,00",0.00,0,0,0
12.10.2021,"2.200,00",,,"2.200,00",0.00,0,0,0
08.10.2021,"2.200,00",,,"2.200,00",0.00,0,0,0
07.10.2021,"2.200,00","2.200,00","2.200,00","2.200,00",0.00,676,1.487.200,1.487.200
06.10.2021,"2.200,00",,,"2.200,00",0.00,0,0,0
05.10.2021,"2.200,00","2.200,00","2.200,00","2.200,00",0.00,140,308.000,308.000
04.10.2021,"2.200,00","2.200,00","2.200,00","2.200,00",0.92,91,200.200,200.200
01.10.2021,"2.180,00","2.180,00","2.180,00","2.180,00",-1.98,82,178.760,178.760
30.09.2021,"2.230,00",,,"2.224,00",0.00,0,0,0
29.09.2021,"2.230,00",,,"2.224,00",0.00,0,0,0
28.09.2021,"2.230,00",,,"2.224,00",0.00,0,0,0
27.09.2021,"2.230,00",,,"2.224,00",0.00,0,0,0
24.09.2021,"2.230,00","2.230,00","2.220,00","2.224,00",1.09,50,111.200,111.200
23.09.2021,"2.200,00","2.200,00","2.200,00","2.200,00",0.00,20,44.000,44.000
22.09.2021,"2.200,00",,,"2.200,00",0.00,0,0,0
21.09.2021,"2.200,00","2.200,00","2.200,00","2.200,00",-0.90,50,110.000,110.000
20.09.2021,"2.220,00",,,"2.220,00",0.00,0,0,0
17.09.2021,"2.220,00",,,"2.220,00",0.00,0,0,0
16.09.2021,"2.220,00","2.220,00","2.220,00","2.220,00",0.00,30,66.600,66.600
15.09.2021,"2.220,00",,,"2.220,00",0.00,0,0,0
14.09.2021,"2.220,00","2.220,00","2.220,00","2.220,00",-1.07,115,255.300,255.300
13.09.2021,"2.244,00",,,"2.244,00",0.00,0,0,0
10.09.2021,"2.244,00",,,"2.244,00",0.00,0,0,0
09.09.2021,"2.244,00",,,"2.244,00",0.00,0,0,0
07.09.2021,"2.244,00",,,"2.244,00",0.00,0,0,0
06.09.2021,"2.244,00",,,"2.244,00",0.00,0,0,0
03.09.2021,"2.244,00",,,"2.244,00",0.00,0,0,0
02.09.2021,"2.244,00",,,"2.244,00",0.00,0,0,0
01.09.2021,"2.244,00","2.244,00","2.244,00","2.244,00",0.00,50,112.200,112.200
31.08.2021,"2.244,00",,,"2.244,00",0.00,0,0,0
30.08.2021,"2.244,00",,,"2.244,00",0.00,0,0,0
27.08.2021,"2.244,00",,,"2.244,00",0.00,0,0,0
26.08.2021,"2.244,00","2.244,00","2.244,00","2.244,00",2.99,60,134.640,134.640
25.08.2021,"2.200,00",,,"2.178,88",0.00,0,0,0
24.08.2021,"2.200,00",,,"2.178,88",0.00,0,0,0
23.08.2021,"2.200,00","2.200,00","2.151,00","2.178,88",1.34,116,252.750,252.750
20.08.2021,"2.150,00","2.150,00","2.150,00","2.150,00",1.20,"2,002",4.304.300,4.304.300
19.08.2021,"2.120,00","2.150,00","2.115,00","2.124,56",6.17,"1,339",2.844.790,2.844.790
18.08.2021,"2.001,00",,,"2.001,00",0.00,0,0,0
17.08.2021,"2.001,00",,,"2.001,00",0.00,0,0,0
16.08.2021,"2.001,00","2.001,00","2.001,00","2.001,00",2.61,8,16.008,16.008
13.08.2021,"1.950,00",,,"1.950,01",0.00,0,0,0
12.08.2021,"1.950,00",,,"1.950,01",0.00,0,0,0
11.08.2021,"1.950,00",,,"1.950,01",0.00,0,0,0
10.08.2021,"1.950,00",,,"1.950,01",0.00,0,0,0
09.08.2021,"1.950,00",,,"1.950,01",0.00,0,0,0
06.08.2021,"1.950,00","1.951,00","1.950,00","1.950,01",-6.38,"1,670",3.256.510,3.256.510
05.08.2021,"2.083,00",,,"2.083,00",0.00,0,0,10.105.000
04.08.2021,"2.083,00","2.083,00","2.083,00","2.083,00",3.63,100,208.300,208.300
03.08.2021,"2.010,00",,,"2.010,00",0.00,0,0,0
30.07.2021,"2.010,00",,,"2.010,00",0.00,0,0,0
29.07.2021,"2.010,00",,,"2.010,00",0.00,0,0,0
28.07.2021,"2.010,00","2.010,00","2.010,00","2.010,00",0.50,67,134.670,134.670
27.07.2021,"2.000,00",,,"2.000,00",0.00,0,0,0
26.07.2021,"2.000,00",,,"2.000,00",0.00,0,0,0
23.07.2021,"2.000,00",,,"2.000,00",0.00,0,0,0
22.07.2021,"2.000,00",,,"2.000,00",0.00,0,0,0
21.07.2021,"2.000,00",,,"2.000,00",0.00,0,0,0
20.07.2021,"2.000,00",,,"2.000,00",0.00,0,0,8.240.000
19.07.2021,"2.000,00",,,"2.000,00",0.00,0,0,0
16.07.2021,"2.000,00",,,"2.000,00",0.00,0,0,0
15.07.2021,"2.000,00",,,"2.000,00",0.00,0,0,0
14.07.2021,"2.000,00",,,"2.000,00",0.00,0,0,0
13.07.2021,"2.000,00",,,"2.000,00",0.00,0,0,0
12.07.2021,"2.000,00",,,"2.000,00",0.00,0,0,0
09.07.2021,"2.000,00",,,"2.000,00",0.00,0,0,0
08.07.2021,"2.000,00","2.000,00","2.000,00","2.000,00",0.00,50,100.000,100.000
07.07.2021,"2.000,00",,,"2.000,00",0.00,0,0,0
06.07.2021,"2.000,00","2.000,00","2.000,00","2.000,00",-1.96,580,1.160.000,1.160.000
05.07.2021,"2.040,00",,,"2.040,00",0.00,0,0,0
02.07.2021,"2.040,00",,,"2.040,00",0.00,0,0,0
01.07.2021,"2.040,00","2.040,00","2.040,00","2.040,00",0.00,813,1.658.520,1.658.520
30.06.2021,"2.040,00",,,"2.040,00",0.00,0,0,0
29.06.2021,"2.040,00","2.040,00","2.040,00","2.040,00",-1.40,67,136.680,136.680
28.06.2021,"2.069,00",,,"2.069,00",0.00,0,0,0
25.06.2021,"2.069,00",,,"2.069,00",0.00,0,0,0
24.06.2021,"2.069,00",,,"2.069,00",0.00,0,0,0
23.06.2021,"2.069,00",,,"2.069,00",0.00,0,0,3.408.000
22.06.2021,"2.069,00",,,"2.069,00",0.00,0,0,0
21.06.2021,"2.069,00",,,"2.069,00",0.00,0,0,0
17.06.2021,"2.069,00",,,"2.069,00",0.00,0,0,0
16.06.2021,"2.069,00",,,"2.069,00",0.00,0,0,0
15.06.2021,"2.069,00","2.069,00","2.069,00","2.069,00",0.00,90,186.210,186.210
14.06.2021,"2.069,00",,,"2.069,00",0.00,0,0,0
11.06.2021,"2.069,00",,,"2.069,00",0.00,0,0,0
10.06.2021,"2.069,00",,,"2.069,00",0.00,0,0,0
09.06.2021,"2.069,00",,,"2.069,00",0.00,0,0,0
08.06.2021,"2.069,00",,,"2.069,00",0.00,0,0,0
07.06.2021,"2.069,00",,,"2.069,00",0.00,0,0,0
04.06.2021,"2.069,00",,,"2.069,00",0.00,0,0,0
03.06.2021,"2.069,00",,,"2.069,00",0.00,0,0,0
02.06.2021,"2.069,00",,,"2.069,00",0.00,0,0,0
01.06.2021,"2.069,00","2.069,00","2.069,00","2.069,00",-4.35,90,186.210,186.210
31.05.2021,"2.163,00",,,"2.163,00",0.00,0,0,0
28.05.2021,"2.163,00","2.163,00","2.163,00","2.163,00",3.00,5,10.815,10.815
27.05.2021,"2.100,00",,,"2.100,00",0.00,0,0,0
26.05.2021,"2.100,00","2.100,00","2.100,00","2.100,00",5.00,20,42.000,42.000
25.05.2021,"2.000,00",,,"2.000,00",0.00,0,0,0
21.05.2021,"2.000,00",,,"2.000,00",0.00,0,0,0
20.05.2021,"2.000,00",,,"2.000,00",0.00,0,0,0
19.05.2021,"2.000,00",,,"2.000,00",0.00,0,0,0
18.05.2021,"2.000,00",,,"2.000,00",0.00,0,0,0
17.05.2021,"2.000,00",,,"2.000,00",0.00,0,0,0
14.05.2021,"2.000,00",,,"2.000,00",0.00,0,0,0
12.05.2021,"2.000,00",,,"2.000,00",0.00,0,0,0
11.05.2021,"2.000,00",,,"2.000,00",0.00,0,0,0
10.05.2021,"2.000,00",,,"2.000,00",0.00,0,0,0
07.05.2021,"2.000,00",,,"2.000,00",0.00,0,0,0
06.05.2021,"2.000,00","2.000,00","2.000,00","2.000,00",0.00,200,400.000,400.000
05.05.2021,"2.000,00",,,"2.000,00",0.00,0,0,0
04.05.2021,"2.000,00",,,"2.000,00",0.00,0,0,0
29.04.2021,"2.000,00","2.000,00","2.000,00","2.000,00",7.53,197,394.000,394.000
28.04.2021,"1.860,00",,,"1.860,00",0.00,0,0,0
27.04.2021,"1.860,00",,,"1.860,00",0.00,0,0,0
26.04.2021,"1.860,00",,,"1.860,00",0.00,0,0,0
23.04.2021,"1.860,00","1.860,00","1.860,00","1.860,00",0.11,750,1.395.000,1.395.000
22.04.2021,"1.858,00",,,"1.858,00",0.00,0,0,0
21.04.2021,"1.858,00","1.858,00","1.858,00","1.858,00",-9.02,70,130.060,130.060
20.04.2021,"2.040,00",,,"2.042,17",0.00,0,0,0
19.04.2021,"2.040,00",,,"2.042,17",0.00,0,0,0
16.04.2021,"2.040,00",,,"2.042,17",0.00,0,0,0
15.04.2021,"2.040,00",,,"2.042,17",0.00,0,0,0
14.04.2021,"2.040,00",,,"2.042,17",0.00,0,0,0
13.04.2021,"2.040,00","2.049,00","2.040,00","2.042,17",2.62,58,118.446,118.446
12.04.2021,"1.990,00","1.990,00","1.990,00","1.990,00",2.37,50,99.500,99.500
09.04.2021,"1.940,00",,,"1.943,84",0.00,0,0,0
08.04.2021,"1.940,00","1.950,00","1.920,00","1.943,84",2.38,250,485.960,485.960
07.04.2021,"1.900,00",,,"1.898,73",0.00,0,0,0
06.04.2021,"1.900,00","1.900,00","1.890,00","1.898,73",0.46,79,150.000,150.000
05.04.2021,"1.890,00",,,"1.890,00",0.00,0,0,0
02.04.2021,"1.890,00","1.890,00","1.890,00","1.890,00",-0.53,68,128.520,128.520
01.04.2021,"1.900,00",,,"1.900,00",0.00,0,0,0
31.03.2021,"1.900,00",,,"1.900,00",0.00,0,0,0
30.03.2021,"1.900,00","1.900,00","1.900,00","1.900,00",2.70,36,68.400,68.400
29.03.2021,"1.850,00",,,"1.850,00",0.00,0,0,0
26.03.2021,"1.850,00",,,"1.850,00",0.00,0,0,0
25.03.2021,"1.850,00",,,"1.850,00",0.00,0,0,0
24.03.2021,"1.850,00","1.850,00","1.850,00","1.850,00",-2.63,28,51.800,51.800
23.03.2021,"1.900,00",,,"1.900,00",0.00,0,0,0
22.03.2021,"1.900,00",,,"1.900,00",0.00,0,0,0
19.03.2021,"1.900,00","1.900,00","1.900,00","1.900,00",5.57,10,19.000,19.000
18.03.2021,"1.800,00",,,"1.799,83",0.00,0,0,0
17.03.2021,"1.800,00",,,"1.799,83",0.00,0,0,0
16.03.2021,"1.800,00",,,"1.799,83",0.00,0,0,0
15.03.2021,"1.800,00",,,"1.799,83",0.00,0,0,0
12.03.2021,"1.800,00",,,"1.799,83",0.00,0,0,0
11.03.2021,"1.800,00",,,"1.799,83",0.00,0,0,0
10.03.2021,"1.800,00","1.800,00","1.799,00","1.799,83",-0.01,480,863.920,863.920
09.03.2021,"1.800,00",,,"1.800,00",0.00,0,0,0
08.03.2021,"1.800,00",,,"1.800,00",0.00,0,0,0
05.03.2021,"1.800,00",,,"1.800,00",0.00,0,0,0
04.03.2021,"1.800,00",,,"1.800,00",0.00,0,0,0
03.03.2021,"1.800,00","1.800,00","1.800,00","1.800,00",0.00,100,180.000,180.000
02.03.2021,"1.800,00",,,"1.800,00",0.00,0,0,0
01.03.2021,"1.800,00",,,"1.800,00",0.00,0,0,0
26.02.2021,"1.800,00","1.800,00","1.800,00","1.800,00",0.00,878,1.580.400,1.580.400
25.02.2021,"1.800,00",,,"1.800,00",0.00,0,0,0
24.02.2021,"1.800,00",,,"1.800,00",0.00,0,0,0
23.02.2021,"1.800,00",,,"1.800,00",0.00,0,0,0
22.02.2021,"1.800,00",,,"1.800,00",0.00,0,0,0
19.02.2021,"1.800,00","1.800,00","1.800,00","1.800,00",0.00,153,275.400,275.400
18.02.2021,"1.800,00","1.800,00","1.800,00","1.800,00",0.00,160,288.000,288.000
17.02.2021,"1.800,00","1.800,00","1.800,00","1.800,00",0.00,200,360.000,360.000
16.02.2021,"1.800,00","1.800,00","1.800,00","1.800,00",0.00,33,59.400,59.400
15.02.2021,"1.800,00","1.800,00","1.800,00","1.800,00",3.09,100,180.000,180.000
12.02.2021,"1.746,00",,,"1.746,00",0.00,0,0,0
11.02.2021,"1.746,00",,,"1.746,00",0.00,0,0,0
10.02.2021,"1.746,00",,,"1.746,00",0.00,0,0,0
09.02.2021,"1.746,00","1.746,00","1.746,00","1.746,00",-3.00,107,186.822,186.822
08.02.2021,"1.800,00","1.800,00","1.800,00","1.800,00",0.00,76,136.800,136.800
05.02.2021,"1.800,00","1.800,00","1.800,00","1.800,00",-2.70,160,288.000,288.000
04.02.2021,"1.850,00",,,"1.850,00",0.00,0,0,0
03.02.2021,"1.850,00","1.850,00","1.850,00","1.850,00",-2.63,3,5.550,5.550
02.02.2021,"1.900,00",,,"1.900,00",0.00,0,0,0
01.02.2021,"1.900,00",,,"1.900,00",0.00,0,0,0
29.01.2021,"1.900,00",,,"1.900,00",0.00,0,0,0
28.01.2021,"1.900,00",,,"1.900,00",0.00,0,0,0
27.01.2021,"1.900,00","1.900,00","1.900,00","1.900,00",0.00,300,570.000,570.000
26.01.2021,"1.900,00","1.900,00","1.900,00","1.900,00",-2.56,300,570.000,570.000
25.01.2021,"1.950,00",,,"1.950,00",0.00,0,0,0
22.01.2021,"1.950,00",,,"1.950,00",0.00,0,0,0
21.01.2021,"1.950,00",,,"1.950,00",0.00,0,0,0
20.01.2021,"1.950,00",,,"1.950,00",0.00,0,0,0
18.01.2021,"1.950,00",,,"1.950,00",0.00,0,0,0
15.01.2021,"1.950,00",,,"1.950,00",0.00,0,0,0
14.01.2021,"1.950,00",,,"1.950,00",0.00,0,0,0
13.01.2021,"1.950,00",,,"1.950,00",0.00,0,0,0
12.01.2021,"1.950,00",,,"1.950,00",0.00,0,0,0
11.01.2021,"1.950,00",,,"1.950,00",0.00,0,0,0
08.01.2021,"1.950,00",,,"1.950,00",0.00,0,0,0
05.01.2021,"1.950,00",,,"1.950,00",0.00,0,0,0
04.01.2021,"1.950,00",,,"1.950,00",0.00,0,0,0
29.12.2022,"2.500,00","2.500,00","2.500,00","2.500,00",0.00,350,875.000,875.000
28.12.2022,"2.500,00",,,"2.500,00",0.00,0,0,0
27.12.2022,"2.500,00",,,"2.500,00",0.00,0,0,0
26.12.2022,"2.500,00","2.500,00","2.500,00","2.500,00",0.04,750,1.875.000,1.875.000
23.12.2022,"2.499,00","2.499,00","2.499,00","2.499,00",-0.04,20,49.980,49.980
22.12.2022,"2.500,00","2.500,00","2.500,00","2.500,00",4.17,229,572.500,572.500
21.12.2022,"2.400,00",,,"2.400,00",0.00,0,0,0
20.12.2022,"2.400,00","2.400,00","2.400,00","2.400,00",-4.00,89,213.600,213.600
19.12.2022,"2.500,00",,,"2.500,00",0.00,0,0,0
16.12.2022,"2.500,00",,,"2.500,00",0.00,0,0,0
15.12.2022,"2.500,00",,,"2.500,00",0.00,0,0,0
14.12.2022,"2.500,00","2.500,00","2.500,00","2.500,00",0.00,260,650.000,650.000
13.12.2022,"2.500,00","2.500,00","2.500,00","2.500,00",0.00,200,500.000,500.000
12.12.2022,"2.500,00","2.500,00","2.500,00","2.500,00",-2.91,75,187.500,187.500
09.12.2022,"2.575,00","2.575,00","2.575,00","2.575,00",3.00,58,149.350,149.350
07.12.2022,"2.500,00",,,"2.500,00",0.00,0,0,0
06.12.2022,"2.500,00","2.500,00","2.500,00","2.500,00",3.09,282,705.000,705.000
05.12.2022,"2.425,00","2.425,00","2.425,00","2.425,00",0.00,40,97.000,97.000
02.12.2022,"2.425,00",,,"2.425,00",0.00,0,0,0
01.12.2022,"2.425,00",,,"2.425,00",0.00,0,0,0
30.11.2022,"2.425,00",,,"2.425,00",0.00,0,0,0
29.11.2022,"2.425,00",,,"2.425,00",0.00,0,0,0
28.11.2022,"2.425,00",,,"2.425,00",0.00,0,0,0
25.11.2022,"2.425,00",,,"2.425,00",0.00,0,0,0
24.11.2022,"2.425,00","2.425,00","2.425,00","2.425,00",-3.00,200,485.000,485.000
23.11.2022,"2.500,00",,,"2.500,00",0.00,0,0,0
22.11.2022,"2.500,00","2.500,00","2.500,00","2.500,00",0.00,20,50.000,50.000
21.11.2022,"2.500,00",,,"2.500,00",0.00,0,0,0
18.11.2022,"2.500,00",,,"2.500,00",0.00,0,0,0
17.11.2022,"2.500,00",,,"2.500,00",0.00,0,0,0
16.11.2022,"2.500,00",,,"2.500,00",0.00,0,0,0
15.11.2022,"2.500,00",,,"2.500,00",0.00,0,0,0
14.11.2022,"2.500,00","2.500,00","2.500,00","2.500,00",1.13,10,25.000,25.000
11.11.2022,"2.472,00","2.472,00","2.472,00","2.472,00",3.00,290,716.880,716.880
10.11.2022,"2.400,00",,,"2.400,00",0.00,0,0,0
09.11.2022,"2.400,00",,,"2.400,00",0.00,0,0,0
08.11.2022,"2.400,00","2.400,00","2.400,00","2.400,00",0.00,84,201.600,201.600
07.11.2022,"2.400,00",,,"2.400,00",0.00,0,0,0
04.11.2022,"2.400,00","2.400,00","2.400,00","2.400,00",-4.00,18,43.200,43.200
03.11.2022,"2.500,00",,,"2.500,00",0.00,0,0,0
02.11.2022,"2.500,00",,,"2.500,00",0.00,0,0,0
01.11.2022,"2.500,00",,,"2.500,00",0.00,0,0,0
31.10.2022,"2.500,00",,,"2.500,00",0.00,0,0,0
28.10.2022,"2.500,00",,,"2.500,00",0.00,0,0,0
27.10.2022,"2.500,00",,,"2.500,00",0.00,0,0,0
26.10.2022,"2.500,00",,,"2.500,00",0.00,0,0,0
25.10.2022,"2.500,00",,,"2.500,00",0.00,0,0,0
21.10.2022,"2.500,00",,,"2.500,00",0.00,0,0,0
20.10.2022,"2.500,00","2.500,00","2.500,00","2.500,00",0.00,171,427.500,427.500
19.10.2022,"2.500,00","2.500,00","2.500,00","2.500,00",10.28,15,37.500,37.500
18.10.2022,"2.267,00",,,"2.267,00",0.00,0,0,0
17.10.2022,"2.267,00",,,"2.267,00",0.00,0,0,0
14.10.2022,"2.267,00",,,"2.267,00",0.00,0,0,0
13.10.2022,"2.267,00",,,"2.267,00",0.00,0,0,0
12.10.2022,"2.267,00",,,"2.267,00",0.00,0,0,0
10.10.2022,"2.267,00",,,"2.267,00",0.00,0,0,0
07.10.2022,"2.267,00",,,"2.267,00",0.00,0,0,0
06.10.2022,"2.267,00",,,"2.267,00",0.00,0,0,0
05.10.2022,"2.267,00",,,"2.267,00",0.00,0,0,0
04.10.2022,"2.267,00",,,"2.267,00",0.00,0,0,0
03.10.2022,"2.267,00",,,"2.267,00",0.00,0,0,0
30.09.2022,"2.267,00","2.267,00","2.267,00","2.267,00",0.00,44,99.748,99.748
29.09.2022,"2.267,00","2.267,00","2.267,00","2.267,00",2.91,6,13.602,13.602
28.09.2022,"2.203,00","2.203,00","2.203,00","2.203,00",0.09,60,132.180,132.180
27.09.2022,"2.201,00","2.201,00","2.201,00","2.201,00",-14.36,10,22.010,22.010
26.09.2022,"2.570,00",,,"2.570,00",0.00,0,0,0
23.09.2022,"2.570,00",,,"2.570,00",0.00,0,0,0
22.09.2022,"2.570,00","2.570,00","2.570,00","2.570,00",11.16,5,12.850,12.850
21.09.2022,"2.312,00","2.312,00","2.312,00","2.312,00",-10.21,84,194.208,194.208
20.09.2022,"2.575,00","2.575,00","2.575,00","2.575,00",0.00,58,149.350,149.350
19.09.2022,"2.575,00","2.575,00","2.575,00","2.575,00",3.00,50,128.750,128.750
16.09.2022,"2.500,00",,,"2.500,00",0.00,0,0,0
15.09.2022,"2.500,00",,,"2.500,00",0.00,0,0,0
14.09.2022,"2.500,00","2.500,00","2.500,00","2.500,00",9.65,10,25.000,25.000
13.09.2022,"2.280,00","2.280,00","2.280,00","2.280,00",1.33,32,72.960,72.960
12.09.2022,"2.250,00","2.250,00","2.250,00","2.250,00",-2.17,18,40.500,40.500
09.09.2022,"2.300,00",,,"2.300,00",0.00,0,0,0
07.09.2022,"2.300,00",,,"2.300,00",0.00,0,0,9.200.000
06.09.2022,"2.300,00",,,"2.300,00",0.00,0,0,0
05.09.2022,"2.300,00",,,"2.300,00",0.00,0,0,0
02.09.2022,"2.300,00",,,"2.300,00",0.00,0,0,0
01.09.2022,"2.300,00",,,"2.300,00",0.00,0,0,0
31.08.2022,"2.300,00",,,"2.300,00",0.00,0,0,0
30.08.2022,"2.300,00",,,"2.300,00",0.00,0,0,0
29.08.2022,"2.300,00",,,"2.300,00",0.00,0,0,0
26.08.2022,"2.300,00",,,"2.300,00",0.00,0,0,0
25.08.2022,"2.300,00",,,"2.300,00",0.00,0,0,0
24.08.2022,"2.300,00",,,"2.300,00",0.00,0,0,0
23.08.2022,"2.300,00","2.300,00","2.300,00","2.300,00",-1.84,"4,000",9.200.000,9.200.000
22.08.2022,"2.343,00","2.343,00","2.343,00","2.343,00",10.00,10,23.430,23.430
19.08.2022,"2.130,00",,,"2.130,00",0.00,0,0,0
18.08.2022,"2.130,00",,,"2.130,00",0.00,0,0,0
17.08.2022,"2.130,00",,,"2.130,00",0.00,0,0,0
16.08.2022,"2.130,00","2.130,00","2.130,00","2.130,00",-2.87,35,74.550,74.550
15.08.2022,"2.193,00",,,"2.193,00",0.00,0,0,0
12.08.2022,"2.193,00","2.193,00","2.193,00","2.193,00",0.00,30,65.790,65.790
11.08.2022,"2.193,00",,,"2.193,00",0.00,0,0,0
10.08.2022,"2.193,00",,,"2.193,00",0.00,0,0,0
09.08.2022,"2.193,00",,,"2.193,00",0.00,0,0,0
08.08.2022,"2.193,00",,,"2.193,00",0.00,0,0,0
05.08.2022,"2.193,00",,,"2.193,00",0.00,0,0,0
04.08.2022,"2.193,00",,,"2.193,00",0.00,0,0,0
03.08.2022,"2.193,00","2.193,00","2.193,00","2.193,00",-2.96,10,21.930,21.930
01.08.2022,"2.320,00",,,"2.260,34",0.00,0,0,0
29.07.2022,"2.320,00",,,"2.260,34",0.00,0,0,0
28.07.2022,"2.320,00",,,"2.260,34",0.00,0,0,0
27.07.2022,"2.320,00",,,"2.260,34",0.00,0,0,0
26.07.2022,"2.320,00",,,"2.260,34",0.00,0,0,0
25.07.2022,"2.320,00",,,"2.260,34",0.00,0,0,0
22.07.2022,"2.320,00",,,"2.260,34",0.00,0,0,0
21.07.2022,"2.320,00",,,"2.260,34",0.00,0,0,0
20.07.2022,"2.320,00",,,"2.260,34",0.00,0,0,0
19.07.2022,"2.320,00",,,"2.260,34",0.00,0,0,3.221.510
18.07.2022,"2.320,00",,,"2.260,34",0.00,0,0,0
15.07.2022,"2.320,00",,,"2.260,34",0.00,0,0,0
14.07.2022,"2.320,00",,,"2.260,34",0.00,0,0,0
13.07.2022,"2.320,00",,,"2.260,34",0.00,0,0,0
12.07.2022,"2.320,00",,,"2.260,34",0.00,0,0,0
11.07.2022,"2.320,00",,,"2.260,34",0.00,0,0,0
08.07.2022,"2.320,00",,,"2.260,34",0.00,0,0,0
07.07.2022,"2.320,00",,,"2.260,34",0.00,0,0,0
06.07.2022,"2.320,00",,,"2.260,34",0.00,0,0,0
05.07.2022,"2.320,00",,,"2.260,34",0.00,0,0,0
04.07.2022,"2.320,00",,,"2.260,34",0.00,0,0,0
01.07.2022,"2.320,00",,,"2.260,34",0.00,0,0,0
30.06.2022,"2.320,00",,,"2.260,34",0.00,0,0,0
29.06.2022,"2.320,00",,,"2.260,34",0.00,0,0,0
28.06.2022,"2.320,00",,,"2.260,34",0.00,0,0,0
27.06.2022,"2.320,00",,,"2.260,34",0.00,0,0,0
24.06.2022,"2.320,00","2.320,00","2.200,00","2.260,34",-2.92,179,404.600,404.600
23.06.2022,"2.300,00",,,"2.328,30",0.00,0,0,0
22.06.2022,"2.300,00",,,"2.328,30",0.00,0,0,0
21.06.2022,"2.300,00",,,"2.328,30",0.00,0,0,0
20.06.2022,"2.300,00",,,"2.328,30",0.00,0,0,0
17.06.2022,"2.300,00",,,"2.328,30",0.00,0,0,0
16.06.2022,"2.300,00",,,"2.328,30",0.00,0,0,0
15.06.2022,"2.300,00",,,"2.328,30",0.00,0,0,0
14.06.2022,"2.300,00",,,"2.328,30",0.00,0,0,0
13.06.2022,"2.300,00",,,"2.328,30",0.00,0,0,0
09.06.2022,"2.300,00",,,"2.328,30",0.00,0,0,0
08.06.2022,"2.300,00",,,"2.328,30",0.00,0,0,0
07.06.2022,"2.300,00",,,"2.328,30",0.00,0,0,0
06.06.2022,"2.300,00",,,"2.328,30",0.00,0,0,0
03.06.2022,"2.300,00",,,"2.328,30",0.00,0,0,0
02.06.2022,"2.300,00",,,"2.328,30",0.00,0,0,0
01.06.2022,"2.300,00",,,"2.328,30",0.00,0,0,0
31.05.2022,"2.300,00",,,"2.328,30",0.00,0,0,0
30.05.2022,"2.300,00",,,"2.328,30",0.00,0,0,0
27.05.2022,"2.300,00",,,"2.328,30",0.00,0,0,0
26.05.2022,"2.300,00",,,"2.328,30",0.00,0,0,0
25.05.2022,"2.300,00",,,"2.328,30",0.00,0,0,0
23.05.2022,"2.300,00",,,"2.328,30",0.00,0,0,0
20.05.2022,"2.300,00",,,"2.328,30",0.00,0,0,0
19.05.2022,"2.300,00",,,"2.328,30",0.00,0,0,0
18.05.2022,"2.300,00",,,"2.328,30",0.00,0,0,0
17.05.2022,"2.300,00",,,"2.328,30",0.00,0,0,0
16.05.2022,"2.300,00","2.330,00","2.300,00","2.328,30",-3.00,"1,060",2.468.000,2.468.000
13.05.2022,"2.400,00",,,"2.400,00",0.00,0,0,0
12.05.2022,"2.400,00",,,"2.400,00",0.00,0,0,0
11.05.2022,"2.400,00",,,"2.400,00",0.00,0,0,0
10.05.2022,"2.400,00",,,"2.400,00",0.00,0,0,0
09.05.2022,"2.400,00",,,"2.400,00",0.00,0,0,0
06.05.2022,"2.400,00",,,"2.400,00",0.00,0,0,0
05.05.2022,"2.400,00",,,"2.400,00",0.00,0,0,0
04.05.2022,"2.400,00",,,"2.400,00",0.00,0,0,0
03.05.2022,"2.400,00",,,"2.400,00",0.00,0,0,0
29.04.2022,"2.400,00",,,"2.400,00",0.00,0,0,0
28.04.2022,"2.400,00",,,"2.400,00",0.00,0,0,0
27.04.2022,"2.400,00",,,"2.400,00",0.00,0,0,0
26.04.2022,"2.400,00",,,"2.400,00",0.00,0,0,0
21.04.2022,"2.400,00",,,"2.400,00",0.00,0,0,0
20.04.2022,"2.400,00",,,"2.400,00",0.00,0,0,0
19.04.2022,"2.400,00",,,"2.400,00",0.00,0,0,0
18.04.2022,"2.400,00",,,"2.400,00",0.00,0,0,0
15.04.2022,"2.400,00",,,"2.400,00",0.00,0,0,0
14.04.2022,"2.400,00","2.400,00","2.400,00","2.400,00",2.13,"1,120",2.688.000,2.688.000
13.04.2022,"2.350,00",,,"2.350,00",0.00,0,0,0
12.04.2022,"2.350,00",,,"2.350,00",0.00,0,0,0
11.04.2022,"2.350,00",,,"2.350,00",0.00,0,0,0
08.04.2022,"2.350,00",,,"2.350,00",0.00,0,0,0
07.04.2022,"2.350,00",,,"2.350,00",0.00,0,0,0
06.04.2022,"2.350,00",,,"2.350,00",0.00,0,0,0
05.04.2022,"2.350,00",,,"2.350,00",0.00,0,0,0
04.04.2022,"2.350,00","2.350,00","2.350,00","2.350,00",0.00,80,188.000,188.000
01.04.2022,"2.350,00","2.350,00","2.350,00","2.350,00",0.00,10,23.500,23.500
31.03.2022,"2.350,00",,,"2.350,00",0.00,0,0,0
30.03.2022,"2.350,00",,,"2.350,00",0.00,0,0,0
29.03.2022,"2.350,00","2.350,00","2.350,00","2.350,00",-2.61,780,1.833.000,1.833.000
28.03.2022,"2.413,00",,,"2.413,00",0.00,0,0,0
25.03.2022,"2.413,00","2.413,00","2.413,00","2.413,00",2.99,52,125.476,125.476
24.03.2022,"2.343,00","2.343,00","2.340,00","2.342,92",2.76,800,1.874.334,1.874.334
23.03.2022,"2.280,00",,,"2.280,00",0.00,0,0,0
22.03.2022,"2.280,00",,,"2.280,00",0.00,0,0,0
21.03.2022,"2.280,00","2.280,00","2.280,00","2.280,00",-2.98,"1,480",3.374.400,9.024.240
18.03.2022,"2.350,00","2.350,00","2.350,00","2.350,00",0.00,35,82.250,82.250
17.03.2022,"2.350,00","2.350,00","2.350,00","2.350,00",1.95,35,82.250,82.250
16.03.2022,"2.305,00",,,"2.305,00",0.00,0,0,0
15.03.2022,"2.305,00",,,"2.305,00",0.00,0,0,0
14.03.2022,"2.305,00",,,"2.305,00",0.00,0,0,0
11.03.2022,"2.305,00",,,"2.305,00",0.00,0,0,0
10.03.2022,"2.305,00",,,"2.305,00",0.00,0,0,0
09.03.2022,"2.305,00",,,"2.305,00",0.00,0,0,0
08.03.2022,"2.305,00",,,"2.305,00",0.00,0,0,0
07.03.2022,"2.305,00",,,"2.305,00",0.00,0,0,0
04.03.2022,"2.305,00",,,"2.305,00",0.00,0,0,0
03.03.2022,"2.305,00",,,"2.305,00",0.00,0,0,0
02.03.2022,"2.305,00",,,"2.305,00",0.00,0,0,0
01.03.2022,"2.305,00",,,"2.305,00",0.00,0,0,0
28.02.2022,"2.305,00",,,"2.305,00",0.00,0,0,0
25.02.2022,"2.305,00",,,"2.305,00",0.00,0,0,0
24.02.2022,"2.305,00",,,"2.305,00",0.00,0,0,0
23.02.2022,"2.305,00",,,"2.305,00",0.00,0,0,0
22.02.2022,"2.305,00",,,"2.305,00",0.00,0,0,0
21.02.2022,"2.305,00",,,"2.305,00",0.00,0,0,0
18.02.2022,"2.305,00","2.305,00","2.305,00","2.305,00",1.40,45,103.725,103.725
17.02.2022,"2.305,00",,,"2.273,25",0.00,0,0,0
16.02.2022,"2.305,00",,,"2.273,25",0.00,0,0,0
15.02.2022,"2.305,00",,,"2.273,25",0.00,0,0,0
14.02.2022,"2.305,00","2.305,00","2.236,00","2.273,25",-1.38,244,554.672,554.672
11.02.2022,"2.305,00",,,"2.305,00",0.00,0,0,0
10.02.2022,"2.305,00",,,"2.305,00",0.00,0,0,0
09.02.2022,"2.305,00",,,"2.305,00",0.00,0,0,0
08.02.2022,"2.305,00",,,"2.305,00",0.00,0,0,0
07.02.2022,"2.305,00","2.305,00","2.305,00","2.305,00",0.00,73,168.265,168.265
04.02.2022,"2.305,00","2.305,00","2.305,00","2.305,00",0.00,250,576.250,576.250
03.02.2022,"2.305,00",,,"2.305,00",0.00,0,0,0
02.02.2022,"2.305,00",,,"2.305,00",0.00,0,0,0
01.02.2022,"2.305,00","2.305,00","2.305,00","2.305,00",-1.07,700,1.613.500,1.613.500
31.01.2022,"2.330,00",,,"2.330,00",0.00,0,0,0
28.01.2022,"2.330,00",,,"2.330,00",0.00,0,0,0
27.01.2022,"2.330,00",,,"2.330,00",0.00,0,0,0
26.01.2022,"2.330,00",,,"2.330,00",0.00,0,0,0
25.01.2022,"2.330,00",,,"2.330,00",0.00,0,0,0
24.01.2022,"2.330,00","2.330,00","2.330,00","2.330,00",-5.97,210,489.300,489.300
21.01.2022,"2.478,00",,,"2.478,00",0.00,0,0,0
20.01.2022,"2.478,00",,,"2.478,00",0.00,0,0,0
18.01.2022,"2.478,00",,,"2.478,00",0.00,0,0,0
17.01.2022,"2.478,00","2.478,00","2.478,00","2.478,00",-0.02,40,99.120,99.120
14.01.2022,"2.490,00","2.490,00","2.460,00","2.478,50",0.75,506,1.254.120,1.254.120
13.01.2022,"2.460,00","2.460,00","2.460,00","2.460,00",1.65,60,147.600,147.600
12.01.2022,"2.420,00",,,"2.420,00",0.00,0,0,0
11.01.2022,"2.420,00","2.420,00","2.420,00","2.420,00",2.98,20,48.400,48.400
10.01.2022,"2.350,00",,,"2.350,00",0.00,0,0,0
05.01.2022,"2.350,00",,,"2.350,00",0.00,0,0,0
04.01.2022,"2.350,00",,,"2.350,00",0.00,0,0,0
03.01.2022,"2.350,00",,,"2.350,00",0.00,0,0,0
28.12.2023,"2.989,00",,,"2.989,00",0.00,0,0,0
27.12.2023,"2.989,00",,,"2.989,00",0.00,0,0,0
26.12.2023,"2.989,00",,,"2.989,00",0.00,0,0,0
25.12.2023,"2.989,00",,,"2.989,00",0.00,0,0,0
22.12.2023,"2.989,00",,,"2.989,00",0.00,0,0,0
21.12.2023,"2.989,00",,,"2.989,00",0.00,0,0,0
20.12.2023,"2.989,00",,,"2.989,00",0.00,0,0,0
19.12.2023,"2.989,00",,,"2.989,00",0.00,0,0,0
18.12.2023,"2.989,00",,,"2.989,00",0.00,0,0,0
15.12.2023,"2.989,00",,,"2.989,00",0.00,0,0,0
14.12.2023,"2.989,00",,,"2.989,00",0.00,0,0,0
13.12.2023,"2.989,00",,,"2.989,00",0.00,0,0,0
12.12.2023,"2.989,00",,,"2.989,00",0.00,0,0,0
11.12.2023,"2.989,00",,,"2.989,00",0.00,0,0,0
07.12.2023,"2.989,00",,,"2.989,00",0.00,0,0,0
06.12.2023,"2.989,00",,,"2.989,00",0.00,0,0,0
05.12.2023,"2.989,00",,,"2.989,00",0.00,0,0,0
04.12.2023,"2.989,00","2.989,00","2.989,00","2.989,00",0.00,100,298.900,298.900
01.12.2023,"2.989,00",,,"2.989,00",0.00,0,0,0
30.11.2023,"2.989,00",,,"2.989,00",0.00,0,0,0
29.11.2023,"2.989,00","2.989,00","2.989,00","2.989,00",0.00,100,298.900,298.900
28.11.2023,"2.989,00",,,"2.989,00",0.00,0,0,0
27.11.2023,"2.989,00","2.989,00","2.989,00","2.989,00",-1.32,100,298.900,298.900
24.11.2023,"3.029,00",,,"3.029,00",0.00,0,0,0
23.11.2023,"3.029,00",,,"3.029,00",0.00,0,0,0
22.11.2023,"3.029,00",,,"3.029,00",0.00,0,0,0
21.11.2023,"3.029,00",,,"3.029,00",0.00,0,0,0
20.11.2023,"3.029,00",,,"3.029,00",0.00,0,0,0
17.11.2023,"3.029,00",,,"3.029,00",0.00,0,0,0
16.11.2023,"3.029,00",,,"3.029,00",0.00,0,0,0
15.11.2023,"3.029,00",,,"3.029,00",0.00,0,0,0
14.11.2023,"3.029,00",,,"3.029,00",0.00,0,0,0
13.11.2023,"3.029,00",,,"3.029,00",0.00,0,0,0
10.11.2023,"3.029,00",,,"3.029,00",0.00,0,0,0
09.11.2023,"3.029,00","3.029,00","3.029,00","3.029,00",-1.66,6,18.174,18.174
08.11.2023,"3.080,00",,,"3.080,00",0.00,0,0,0
07.11.2023,"3.080,00",,,"3.080,00",0.00,0,0,0
06.11.2023,"3.080,00",,,"3.080,00",0.00,0,0,0
03.11.2023,"3.080,00",,,"3.080,00",0.00,0,0,0
02.11.2023,"3.080,00",,,"3.080,00",0.00,0,0,0
01.11.2023,"3.080,00",,,"3.080,00",0.00,0,0,0
31.10.2023,"3.080,00",,,"3.080,00",0.00,0,0,0
30.10.2023,"3.080,00",,,"3.080,00",0.00,0,0,11.031.850
27.10.2023,"3.080,00",,,"3.080,00",0.00,0,0,0
26.10.2023,"3.080,00",,,"3.080,00",0.00,0,0,0
25.10.2023,"3.080,00",,,"3.080,00",0.00,0,0,0
24.10.2023,"3.080,00",,,"3.080,00",0.00,0,0,0
20.10.2023,"3.080,00","3.080,00","3.080,00","3.080,00",14.03,5,15.400,15.400
19.10.2023,"2.701,00",,,"2.701,00",0.00,0,0,0
18.10.2023,"2.701,00","2.701,00","2.701,00","2.701,00",-12.87,20,54.020,54.020
17.10.2023,"3.100,00",,,"3.100,00",0.00,0,0,0
16.10.2023,"3.100,00",,,"3.100,00",0.00,0,0,0
13.10.2023,"3.100,00",,,"3.100,00",0.00,0,0,0
12.10.2023,"3.100,00",,,"3.100,00",0.00,0,0,0
10.10.2023,"3.100,00",,,"3.100,00",0.00,0,0,0
09.10.2023,"3.100,00",,,"3.100,00",0.00,0,0,0
06.10.2023,"3.100,00",,,"3.100,00",0.00,0,0,0
05.10.2023,"3.100,00",,,"3.100,00",0.00,0,0,0
04.10.2023,"3.100,00",,,"3.100,00",0.00,0,0,0
03.10.2023,"3.100,00",,,"3.100,00",0.00,0,0,0
02.10.2023,"3.100,00",,,"3.100,00",0.00,0,0,0
29.09.2023,"3.100,00",,,"3.100,00",0.00,0,0,0
28.09.2023,"3.100,00",,,"3.100,00",0.00,0,0,0
27.09.2023,"3.100,00",,,"3.100,00",0.00,0,0,0
26.09.2023,"3.100,00",,,"3.100,00",0.00,0,0,3.745.280
25.09.2023,"3.100,00",,,"3.100,00",0.00,0,0,0
22.09.2023,"3.100,00",,,"3.100,00",0.00,0,0,17.540.600
21.09.2023,"3.100,00",,,"3.100,00",0.00,0,0,0
20.09.2023,"3.100,00",,,"3.100,00",0.00,0,0,0
19.09.2023,"3.100,00","3.100,00","3.100,00","3.100,00",0.32,817,2.532.700,2.532.700
18.09.2023,"3.090,00",,,"3.090,00",0.00,0,0,0
15.09.2023,"3.090,00",,,"3.090,00",0.00,0,0,0
14.09.2023,"3.090,00",,,"3.090,00",0.00,0,0,0
13.09.2023,"3.090,00","3.090,00","3.090,00","3.090,00",-0.13,60,185.400,185.400
12.09.2023,"3.100,00",,,"3.094,00",0.00,0,0,0
11.09.2023,"3.100,00",,,"3.094,00",0.00,0,0,0
07.09.2023,"3.100,00",,,"3.094,00",0.00,0,0,0
06.09.2023,"3.100,00",,,"3.094,00",0.00,0,0,0
05.09.2023,"3.100,00","3.100,00","3.080,00","3.094,00",0.45,100,309.400,309.400
04.09.2023,"3.080,00",,,"3.080,00",0.00,0,0,0
01.09.2023,"3.080,00","3.080,00","3.080,00","3.080,00",-0.02,27,83.160,83.160
31.08.2023,"3.100,00",,,"3.080,72",0.00,0,0,0
30.08.2023,"3.100,00",,,"3.080,72",0.00,0,0,0
29.08.2023,"3.100,00",,,"3.080,72",0.00,0,0,0
25.08.2023,"3.100,00",,,"3.080,72",0.00,0,0,0
24.08.2023,"3.100,00",,,"3.080,72",0.00,0,0,0
23.08.2023,"3.100,00",,,"3.080,72",0.00,0,0,0
22.08.2023,"3.100,00",,,"3.080,72",0.00,0,0,0
21.08.2023,"3.100,00",,,"3.080,72",0.00,0,0,0
18.08.2023,"3.100,00",,,"3.080,72",0.00,0,0,0
17.08.2023,"3.100,00",,,"3.080,72",0.00,0,0,0
16.08.2023,"3.100,00",,,"3.080,72",0.00,0,0,0
15.08.2023,"3.100,00",,,"3.080,72",0.00,0,0,0
14.08.2023,"3.100,00",,,"3.080,72",0.00,0,0,0
11.08.2023,"3.100,00","3.100,00","3.079,00","3.080,72",-0.62,205,631.548,631.548
10.08.2023,"3.100,00",,,"3.100,00",0.00,0,0,0
09.08.2023,"3.100,00",,,"3.100,00",0.00,0,0,0
08.08.2023,"3.100,00",,,"3.100,00",0.00,0,0,0
07.08.2023,"3.100,00",,,"3.100,00",0.00,0,0,0
04.08.2023,"3.100,00",,,"3.100,00",0.00,0,0,0
03.08.2023,"3.100,00",,,"3.100,00",0.00,0,0,0
01.08.2023,"3.100,00",,,"3.100,00",0.00,0,0,0
31.07.2023,"3.100,00",,,"3.100,00",0.00,0,0,0
28.07.2023,"3.100,00",,,"3.100,00",0.00,0,0,0
27.07.2023,"3.100,00",,,"3.100,00",0.00,0,0,0
26.07.2023,"3.100,00",,,"3.100,00",0.00,0,0,0
25.07.2023,"3.100,00",,,"3.100,00",0.00,0,0,0
24.07.2023,"3.100,00",,,"3.100,00",0.00,0,0,0
21.07.2023,"3.100,00",,,"3.100,00",0.00,0,0,0
20.07.2023,"3.100,00",,,"3.100,00",0.00,0,0,0
19.07.2023,"3.100,00",,,"3.100,00",0.00,0,0,0
18.07.2023,"3.100,00",,,"3.100,00",0.00,0,0,0
17.07.2023,"3.100,00",,,"3.100,00",0.00,0,0,0
14.07.2023,"3.100,00",,,"3.100,00",0.00,0,0,0
13.07.2023,"3.100,00",,,"3.100,00",0.00,0,0,0
12.07.2023,"3.100,00",,,"3.100,00",0.00,0,0,0
11.07.2023,"3.100,00",,,"3.100,00",0.00,0,0,0
10.07.2023,"3.100,00",,,"3.100,00",0.00,0,0,0
07.07.2023,"3.100,00",,,"3.100,00",0.00,0,0,0
06.07.2023,"3.100,00",,,"3.100,00",0.00,0,0,0
05.07.2023,"3.100,00",,,"3.100,00",0.00,0,0,0
04.07.2023,"3.100,00",,,"3.100,00",0.00,0,0,0
03.07.2023,"3.100,00",,,"3.100,00",0.00,0,0,0
30.06.2023,"3.100,00",,,"3.100,00",0.00,0,0,0
29.06.2023,"3.100,00",,,"3.100,00",0.00,0,0,0
28.06.2023,"3.100,00",,,"3.100,00",0.00,0,0,0
27.06.2023,"3.100,00",,,"3.100,00",0.00,0,0,0
26.06.2023,"3.100,00",,,"3.100,00",0.00,0,0,0
23.06.2023,"3.100,00",,,"3.100,00",0.00,0,0,0
22.06.2023,"3.100,00",,,"3.100,00",0.00,0,0,0
21.06.2023,"3.100,00",,,"3.100,00",0.00,0,0,0
20.06.2023,"3.100,00",,,"3.100,00",0.00,0,0,0
19.06.2023,"3.100,00",,,"3.100,00",0.00,0,0,0
16.06.2023,"3.100,00",,,"3.100,00",0.00,0,0,0
15.06.2023,"3.100,00",,,"3.100,00",0.00,0,0,0
14.06.2023,"3.100,00",,,"3.100,00",0.00,0,0,0
13.06.2023,"3.100,00",,,"3.100,00",0.00,0,0,0
12.06.2023,"3.100,00",,,"3.100,00",0.00,0,0,0
09.06.2023,"3.100,00",,,"3.100,00",0.00,0,0,0
08.06.2023,"3.100,00","3.100,00","3.100,00","3.100,00",0.00,836,2.591.600,2.591.600
07.06.2023,"3.099,00","3.100,00","3.099,00","3.099,91",-1.59,"1,070",3.316.900,3.316.900
06.06.2023,"3.150,00",,,"3.150,00",0.00,0,0,0
05.06.2023,"3.150,00",,,"3.150,00",0.00,0,0,0
01.06.2023,"3.150,00",,,"3.150,00",0.00,0,0,0
31.05.2023,"3.150,00",,,"3.150,00",0.00,0,0,0
30.05.2023,"3.150,00",,,"3.150,00",0.00,0,0,0
29.05.2023,"3.150,00","3.150,00","3.150,00","3.150,00",2.51,10,31.500,31.500
26.05.2023,"3.073,00","3.073,00","3.073,00","3.073,00",-3.00,67,205.891,205.891
25.05.2023,"3.168,00",,,"3.168,00",0.00,0,0,0
23.05.2023,"3.168,00",,,"3.168,00",0.00,0,0,0
22.05.2023,"3.168,00",,,"3.168,00",0.00,0,0,0
19.05.2023,"3.168,00",,,"3.168,00",0.00,0,0,0
18.05.2023,"3.168,00",,,"3.168,00",0.00,0,0,0
17.05.2023,"3.168,00",,,"3.168,00",0.00,0,0,0
16.05.2023,"3.168,00","3.168,00","3.168,00","3.168,00",10.00,7,22.176,22.176
15.05.2023,"2.880,00","2.880,00","2.880,00","2.880,00",0.00,215,619.200,619.200
12.05.2023,"2.880,00","2.880,00","2.880,00","2.880,00",1.89,3,8.640,8.640
11.05.2023,"2.790,00","2.883,00","2.790,00","2.826,64",0.98,33,93.279,93.279
10.05.2023,"2.800,00","2.800,00","2.790,00","2.799,24",1.90,525,1.469.600,1.469.600
09.05.2023,"2.747,00","2.747,00","2.747,00","2.747,00",0.00,165,453.255,453.255
08.05.2023,"2.747,00",,,"2.747,00",0.00,0,0,0
05.05.2023,"2.747,00",,,"2.747,00",0.00,0,0,0
04.05.2023,"2.747,00",,,"2.747,00",0.00,0,0,0
03.05.2023,"2.747,00",,,"2.747,00",0.00,0,0,0
02.05.2023,"2.747,00","2.747,00","2.747,00","2.747,00",2.94,200,549.400,549.400
28.04.2023,"2.700,00","2.700,00","2.662,00","2.668,55",1.62,290,773.880,773.880
27.04.2023,"2.626,00","2.626,00","2.626,00","2.626,00",2.86,260,682.760,682.760
26.04.2023,"2.553,00","2.553,00","2.553,00","2.553,00",0.08,104,265.512,265.512
25.04.2023,"2.551,00","2.551,00","2.551,00","2.551,00",0.00,7,17.857,17.857
24.04.2023,"2.551,00","2.551,00","2.551,00","2.551,00",0.00,164,418.364,418.364
20.04.2023,"2.551,00",,,"2.551,00",0.00,0,0,0
19.04.2023,"2.551,00",,,"2.551,00",0.00,0,0,0
18.04.2023,"2.551,00",,,"2.551,00",0.00,0,0,0
13.04.2023,"2.551,00",,,"2.551,00",0.00,0,0,0
12.04.2023,"2.551,00",,,"2.551,00",0.00,0,0,0
11.04.2023,"2.551,00",,,"2.551,00",0.00,0,0,0
10.04.2023,"2.551,00","2.551,00","2.551,00","2.551,00",-1.63,435,1.109.685,1.109.685
07.04.2023,"2.700,00",,,"2.593,33",0.00,0,0,0
06.04.2023,"2.700,00",,,"2.593,33",0.00,0,0,0
05.04.2023,"2.700,00",,,"2.593,33",0.00,0,0,0
04.04.2023,"2.700,00",,,"2.593,33",0.00,0,0,0
03.04.2023,"2.700,00",,,"2.593,33",0.00,0,0,0
31.03.2023,"2.700,00",,,"2.593,33",0.00,0,0,0
30.03.2023,"2.700,00",,,"2.593,33",0.00,0,0,0
29.03.2023,"2.700,00","2.700,00","2.500,00","2.593,33",3.73,135,350.100,350.100
28.03.2023,"2.500,00",,,"2.500,00",0.00,0,0,0
27.03.2023,"2.500,00",,,"2.500,00",0.00,0,0,0
24.03.2023,"2.500,00",,,"2.500,00",0.00,0,0,0
23.03.2023,"2.500,00","2.500,00","2.500,00","2.500,00",-7.41,26,65.000,65.000
22.03.2023,"2.700,00",,,"2.700,00",0.00,0,0,0
21.03.2023,"2.700,00","2.700,00","2.700,00","2.700,00",0.00,7,18.900,18.900
20.03.2023,"2.700,00",,,"2.700,00",0.00,0,0,0
17.03.2023,"2.700,00",,,"2.700,00",0.00,0,0,0
16.03.2023,"2.700,00",,,"2.700,00",0.00,0,0,0
15.03.2023,"2.700,00",,,"2.700,00",0.00,0,0,0
14.03.2023,"2.700,00",,,"2.700,00",0.00,0,0,0
13.03.2023,"2.700,00",,,"2.700,00",0.00,0,0,0
10.03.2023,"2.700,00","2.700,00","2.700,00","2.700,00",1.22,4,10.800,10.800
09.03.2023,"2.670,00",,,"2.667,42",0.00,0,0,0
08.03.2023,"2.670,00","2.670,00","2.660,00","2.667,42",2.59,194,517.480,517.480
07.03.2023,"2.600,00",,,"2.600,00",0.00,0,0,0
06.03.2023,"2.600,00",,,"2.600,00",0.00,0,0,0
03.03.2023,"2.600,00",,,"2.600,00",0.00,0,0,0
02.03.2023,"2.600,00",,,"2.600,00",0.00,0,0,0
01.03.2023,"2.600,00","2.600,00","2.600,00","2.600,00",0.97,5,13.000,13.000
28.02.2023,"2.575,00",,,"2.575,00",0.00,0,0,0
27.02.2023,"2.575,00",,,"2.575,00",0.00,0,0,0
24.02.2023,"2.575,00","2.575,00","2.575,00","2.575,00",6.19,38,97.850,97.850
23.02.2023,"2.425,00",,,"2.425,00",0.00,0,0,0
22.02.2023,"2.425,00",,,"2.425,00",0.00,0,0,0
21.02.2023,"2.425,00","2.425,00","2.425,00","2.425,00",0.00,7,16.975,16.975
20.02.2023,"2.425,00","2.425,00","2.425,00","2.425,00",0.00,200,485.000,485.000
17.02.2023,"2.425,00","2.425,00","2.425,00","2.425,00",0.00,120,291.000,291.000
16.02.2023,"2.425,00","2.425,00","2.425,00","2.425,00",0.00,297,720.225,720.225
15.02.2023,"2.425,00","2.425,00","2.425,00","2.425,00",0.00,23,55.775,55.775
14.02.2023,"2.425,00",,,"2.425,00",0.00,0,0,0
13.02.2023,"2.425,00",,,"2.425,00",0.00,0,0,0
10.02.2023,"2.425,00",,,"2.425,00",0.00,0,0,0
09.02.2023,"2.425,00",,,"2.425,00",0.00,0,0,0
08.02.2023,"2.425,00",,,"2.425,00",0.00,0,0,0
07.02.2023,"2.425,00",,,"2.425,00",0.00,0,0,0
06.02.2023,"2.425,00",,,"2.425,00",0.00,0,0,0
03.02.2023,"2.425,00",,,"2.425,00",0.00,0,0,0
02.02.2023,"2.425,00",,,"2.425,00",0.00,0,0,0
01.02.2023,"2.425,00",,,"2.425,00",0.00,0,0,0
31.01.2023,"2.425,00",,,"2.425,00",0.00,0,0,0
30.01.2023,"2.425,00","2.425,00","2.425,00","2.425,00",0.00,15,36.375,36.375
27.01.2023,"2.425,00","2.425,00","2.425,00","2.425,00",-3.00,82,198.850,198.850
26.01.2023,"2.500,00",,,"2.500,00",0.00,0,0,0
25.01.2023,"2.500,00",,,"2.500,00",0.00,0,0,0
24.01.2023,"2.500,00",,,"2.500,00",0.00,0,0,0
23.01.2023,"2.500,00",,,"2.500,00",0.00,0,0,0
20.01.2023,"2.500,00",,,"2.500,00",0.00,0,0,0
18.01.2023,"2.500,00",,,"2.500,00",0.00,0,0,0
17.01.2023,"2.500,00",,,"2.500,00",0.00,0,0,0
16.01.2023,"2.500,00",,,"2.500,00",0.00,0,0,0
13.01.2023,"2.500,00",,,"2.500,00",0.00,0,0,0
12.01.2023,"2.500,00",,,"2.500,00",0.00,0,0,0
11.01.2023,"2.500,00",,,"2.500,00",0.00,0,0,0
10.01.2023,"2.500,00",,,"2.500,00",0.00,0,0,0
09.01.2023,"2.500,00",,,"2.500,00",0.00,0,0,0
05.01.2023,"2.500,00",,,"2.500,00",0.00,0,0,0
04.01.2023,"2.500,00",,,"2.500,00",0.00,0,0,0
03.01.2023,"2.500,00",,,"2.500,00",0.00,0,0,0
27.12.2024,"2.850,00",,,"2.850,00",0.00,0,0,0
26.12.2024,"2.850,00",,,"2.850,00",0.00,0,0,0
25.12.2024,"2.850,00",,,"2.850,00",0.00,0,0,0
24.12.2024,"2.850,00","2.850,00","2.850,00","2.850,00",1.79,11,31.350,31.350
23.12.2024,"2.800,00","2.800,00","2.800,00","2.800,00",-0.46,50,140.000,140.000
20.12.2024,"2.813,00","2.813,00","2.813,00","2.813,00",0.00,53,149.089,149.089
19.12.2024,"2.813,00","2.813,00","2.813,00","2.813,00",-3.00,30,84.390,84.390
18.12.2024,"2.900,00",,,"2.900,00",0.00,0,0,0
17.12.2024,"2.900,00",,,"2.900,00",0.00,0,0,0
16.12.2024,"2.900,00",,,"2.900,00",0.00,0,0,0
13.12.2024,"2.900,00",,,"2.900,00",0.00,0,0,0
12.12.2024,"2.900,00",,,"2.900,00",0.00,0,0,0
11.12.2024,"2.900,00",,,"2.900,00",0.00,0,0,7.168.800
10.12.2024,"2.900,00",,,"2.900,00",0.00,0,0,0
06.12.2024,"2.900,00",,,"2.900,00",0.00,0,0,0
05.12.2024,"2.900,00",,,"2.900,00",0.00,0,0,14.236.042
04.12.2024,"2.900,00",,,"2.900,00",0.00,0,0,0
03.12.2024,"2.900,00",,,"2.900,00",0.00,0,0,0
02.12.2024,"2.900,00",,,"2.900,00",0.00,0,0,0
29.11.2024,"2.900,00",,,"2.900,00",0.00,0,0,0
28.11.2024,"2.900,00",,,"2.900,00",0.00,0,0,0
27.11.2024,"2.900,00",,,"2.900,00",0.00,0,0,0
26.11.2024,"2.900,00","2.900,00","2.900,00","2.900,00",6.95,4,11.600,11.600
25.11.2024,"2.715,00","2.715,00","2.700,00","2.711,55",2.32,87,235.905,235.905
22.11.2024,"2.650,00",,,"2.650,00",0.00,0,0,0
21.11.2024,"2.650,00",,,"2.650,00",0.00,0,0,0
20.11.2024,"2.650,00",,,"2.650,00",0.00,0,0,0
19.11.2024,"2.650,00","2.650,00","2.650,00","2.650,00",0.30,18,47.700,47.700
18.11.2024,"2.650,00",,,"2.642,14",0.00,0,0,0
15.11.2024,"2.650,00",,,"2.642,14",0.00,0,0,0
14.11.2024,"2.650,00",,,"2.642,14",0.00,0,0,0
13.11.2024,"2.650,00",,,"2.642,14",0.00,0,0,0
12.11.2024,"2.650,00","2.650,00","2.635,00","2.642,14",0.27,105,277.425,277.425
11.11.2024,"2.635,00",,,"2.635,00",0.00,0,0,0
08.11.2024,"2.635,00",,,"2.635,00",0.00,0,0,0
07.11.2024,"2.635,00","2.635,00","2.635,00","2.635,00",-2.98,160,421.600,421.600
06.11.2024,"2.716,00",,,"2.716,00",0.00,0,0,0
05.11.2024,"2.716,00",,,"2.716,00",0.00,0,0,0
04.11.2024,"2.716,00",,,"2.716,00",0.00,0,0,0
01.11.2024,"2.716,00",,,"2.716,00",0.00,0,0,0
31.10.2024,"2.716,00",,,"2.716,00",0.00,0,0,0
30.10.2024,"2.716,00",,,"2.716,00",0.00,0,0,0
29.10.2024,"2.716,00",,,"2.716,00",0.00,0,0,0
28.10.2024,"2.716,00",,,"2.716,00",0.00,0,0,0
25.10.2024,"2.716,00",,,"2.716,00",0.00,0,0,0
24.10.2024,"2.716,00",,,"2.716,00",0.00,0,0,0
22.10.2024,"2.716,00",,,"2.716,00",0.00,0,0,0
21.10.2024,"2.716,00",,,"2.716,00",0.00,0,0,0
18.10.2024,"2.716,00",,,"2.716,00",0.00,0,0,0
17.10.2024,"2.716,00",,,"2.716,00",0.00,0,0,0
16.10.2024,"2.716,00",,,"2.716,00",0.00,0,0,0
15.10.2024,"2.716,00",,,"2.716,00",0.00,0,0,0
14.10.2024,"2.716,00",,,"2.716,00",0.00,0,0,0
10.10.2024,"2.716,00",,,"2.716,00",0.00,0,0,0
09.10.2024,"2.716,00",,,"2.716,00",0.00,0,0,0
08.10.2024,"2.716,00","2.716,00","2.716,00","2.716,00",-3.00,70,190.120,190.120
07.10.2024,"2.800,00",,,"2.800,00",0.00,0,0,0
04.10.2024,"2.800,00",,,"2.800,00",0.00,0,0,0
03.10.2024,"2.800,00",,,"2.800,00",0.00,0,0,0
02.10.2024,"2.800,00",,,"2.800,00",0.00,0,0,0
01.10.2024,"2.800,00",,,"2.800,00",0.00,0,0,0
30.09.2024,"2.800,00",,,"2.800,00",0.00,0,0,0
27.09.2024,"2.800,00",,,"2.800,00",0.00,0,0,0
26.09.2024,"2.800,00",,,"2.800,00",0.00,0,0,0
25.09.2024,"2.800,00",,,"2.800,00",0.00,0,0,0
24.09.2024,"2.800,00",,,"2.800,00",0.00,0,0,0
23.09.2024,"2.800,00",,,"2.800,00",0.00,0,0,0
20.09.2024,"2.800,00",,,"2.800,00",0.00,0,0,0
19.09.2024,"2.800,00",,,"2.800,00",0.00,0,0,0
18.09.2024,"2.800,00",,,"2.800,00",0.00,0,0,0
17.09.2024,"2.800,00",,,"2.800,00",0.00,0,0,0
16.09.2024,"2.800,00",,,"2.800,00",0.00,0,0,0
13.09.2024,"2.800,00","2.800,00","2.800,00","2.800,00",-1.75,40,112.000,112.000
12.09.2024,"2.850,00",,,"2.850,00",0.00,0,0,0
11.09.2024,"2.850,00",,,"2.850,00",0.00,0,0,0
10.09.2024,"2.850,00",,,"2.850,00",0.00,0,0,0
06.09.2024,"2.850,00","2.850,00","2.850,00","2.850,00",0.00,17,48.450,48.450
05.09.2024,"2.850,00",,,"2.850,00",0.00,0,0,0
04.09.2024,"2.850,00",,,"2.850,00",0.00,0,0,0
03.09.2024,"2.850,00","2.850,00","2.850,00","2.850,00",-1.69,50,142.500,142.500
02.09.2024,"2.899,00",,,"2.899,00",0.00,0,0,0
30.08.2024,"2.899,00","2.899,00","2.899,00","2.899,00",-1.73,95,275.405,275.405
29.08.2024,"2.950,00",,,"2.950,00",0.00,0,0,0
27.08.2024,"2.950,00",,,"2.950,00",0.00,0,0,0
26.08.2024,"2.950,00",,,"2.950,00",0.00,0,0,0
23.08.2024,"2.950,00",,,"2.950,00",0.00,0,0,0
22.08.2024,"2.950,00",,,"2.950,00",0.00,0,0,0
21.08.2024,"2.950,00",,,"2.950,00",0.00,0,0,0
20.08.2024,"2.950,00",,,"2.950,00",0.00,0,0,0
19.08.2024,"2.950,00",,,"2.950,00",0.00,0,0,0
16.08.2024,"2.950,00",,,"2.950,00",0.00,0,0,0
15.08.2024,"2.950,00","2.950,00","2.950,00","2.950,00",-0.41,1,2.950,2.950
14.08.2024,"2.962,00",,,"2.962,00",0.00,0,0,0
13.08.2024,"2.962,00",,,"2.962,00",0.00,0,0,0
12.08.2024,"2.962,00",,,"2.962,00",0.00,0,0,0
09.08.2024,"2.962,00",,,"2.962,00",0.00,0,0,0
08.08.2024,"2.962,00","2.962,00","2.962,00","2.962,00",-2.97,60,177.720,177.720
07.08.2024,"3.149,00",,,"3.052,67",0.00,0,0,0
06.08.2024,"3.149,00",,,"3.052,67",0.00,0,0,0
05.08.2024,"3.149,00",,,"3.052,67",0.00,0,0,0
01.08.2024,"3.149,00",,,"3.052,67",0.00,0,0,0
31.07.2024,"3.149,00","3.150,00","2.870,00","3.052,67",6.36,903,2.756.561,12.742.061
30.07.2024,"2.870,00",,,"2.870,00",0.00,0,0,0
29.07.2024,"2.870,00",,,"2.870,00",0.00,0,0,0
26.07.2024,"2.870,00",,,"2.870,00",0.00,0,0,0
25.07.2024,"2.870,00","2.870,00","2.870,00","2.870,00",0.00,22,63.140,63.140
24.07.2024,"2.870,00","2.870,00","2.870,00","2.870,00",0.00,2,5.740,5.740
23.07.2024,"2.870,00",,,"2.870,00",0.00,0,0,0
22.07.2024,"2.870,00",,,"2.870,00",0.00,0,0,0
19.07.2024,"2.870,00","2.870,00","2.870,00","2.870,00",-3.37,10,28.700,28.700
18.07.2024,"2.970,00",,,"2.970,00",0.00,0,0,0
17.07.2024,"2.970,00","2.970,00","2.970,00","2.970,00",10.00,2,5.940,5.940
16.07.2024,"2.700,00",,,"2.700,00",0.00,0,0,0
15.07.2024,"2.700,00","2.700,00","2.700,00","2.700,00",-10.00,7,18.900,18.900
12.07.2024,"3.000,00",,,"3.000,00",0.00,0,0,0
11.07.2024,"3.000,00",,,"3.000,00",0.00,0,0,0
10.07.2024,"3.000,00",,,"3.000,00",0.00,0,0,0
09.07.2024,"3.000,00",,,"3.000,00",0.00,0,0,0
08.07.2024,"3.000,00",,,"3.000,00",0.00,0,0,0
05.07.2024,"3.000,00",,,"3.000,00",0.00,0,0,0
04.07.2024,"3.000,00",,,"3.000,00",0.00,0,0,0
03.07.2024,"3.000,00",,,"3.000,00",0.00,0,0,0
02.07.2024,"3.000,00",,,"3.000,00",0.00,0,0,0
01.07.2024,"3.000,00",,,"3.000,00",0.00,0,0,0
28.06.2024,"3.000,00",,,"3.000,00",0.00,0,0,0
27.06.2024,"3.000,00",,,"3.000,00",0.00,0,0,0
26.06.2024,"3.000,00",,,"3.000,00",0.00,0,0,0
25.06.2024,"3.000,00",,,"3.000,00",0.00,0,0,0
24.06.2024,"3.000,00",,,"3.000,00",0.00,0,0,0
20.06.2024,"3.000,00",,,"3.000,00",0.00,0,0,0
19.06.2024,"3.000,00",,,"3.000,00",0.00,0,0,0
18.06.2024,"3.000,00",,,"3.000,00",0.00,0,0,60.221.700
17.06.2024,"3.000,00",,,"3.000,00",0.00,0,0,0
14.06.2024,"3.000,00","3.000,00","3.000,00","3.000,00",7.18,5,15.000,15.000
13.06.2024,"2.799,00","2.799,00","2.799,00","2.799,00",1.78,20,55.980,55.980
12.06.2024,"2.750,00","2.750,00","2.750,00","2.750,00",0.36,669,1.839.750,1.839.750
11.06.2024,"2.740,00","2.740,00","2.740,00","2.740,00",1.44,82,224.680,224.680
10.06.2024,"2.701,00",,,"2.701,00",0.00,0,0,0
07.06.2024,"2.701,00",,,"2.701,00",0.00,0,0,0
06.06.2024,"2.701,00",,,"2.701,00",0.00,0,0,0
05.06.2024,"2.701,00","2.701,00","2.701,00","2.701,00",-0.55,5,13.505,13.505
04.06.2024,"2.716,00",,,"2.716,00",0.00,0,0,0
03.06.2024,"2.716,00","2.716,00","2.716,00","2.716,00",-3.00,122,331.352,331.352
31.05.2024,"2.800,00","2.800,00","2.800,00","2.800,00",0.00,400,1.120.000,1.120.000
30.05.2024,"2.800,00",,,"2.800,00",0.00,0,0,0
29.05.2024,"2.800,00",,,"2.800,00",0.00,0,0,0
28.05.2024,"2.800,00",,,"2.800,00",0.00,0,0,0
27.05.2024,"2.800,00","2.800,00","2.800,00","2.800,00",-2.13,128,358.400,358.400
23.05.2024,"2.861,00",,,"2.861,00",0.00,0,0,0
22.05.2024,"2.861,00",,,"2.861,00",0.00,0,0,0
21.05.2024,"2.861,00",,,"2.861,00",0.00,0,0,0
20.05.2024,"2.861,00",,,"2.861,00",0.00,0,0,0
17.05.2024,"2.861,00",,,"2.861,00",0.00,0,0,0
16.05.2024,"2.861,00",,,"2.861,00",0.00,0,0,0
15.05.2024,"2.861,00","2.861,00","2.861,00","2.861,00",-2.98,82,234.602,234.602
14.05.2024,"2.949,00",,,"2.949,00",0.00,0,0,0
13.05.2024,"2.949,00",,,"2.949,00",0.00,0,0,0
10.05.2024,"2.949,00",,,"2.949,00",0.00,0,0,0
09.05.2024,"2.949,00",,,"2.949,00",0.00,0,0,0
07.05.2024,"2.949,00",,,"2.949,00",0.00,0,0,0
02.05.2024,"2.949,00","2.949,00","2.949,00","2.949,00",-0.67,33,97.317,97.317
30.04.2024,"2.969,00",,,"2.969,00",0.00,0,0,0
29.04.2024,"2.969,00",,,"2.969,00",0.00,0,0,0
26.04.2024,"2.969,00","2.969,00","2.969,00","2.969,00",2.38,11,32.659,32.659
25.04.2024,"2.900,00","2.900,00","2.900,00","2.900,00",0.66,100,290.000,290.000
23.04.2024,"2.881,00","2.881,00","2.881,00","2.881,00",0.00,10,28.810,28.810
22.04.2024,"2.881,00","2.881,00","2.881,00","2.881,00",-3.00,100,288.100,288.100
19.04.2024,"2.970,00",,,"2.970,00",0.00,0,0,0
18.04.2024,"2.970,00",,,"2.970,00",0.00,0,0,0
17.04.2024,"2.970,00",,,"2.970,00",0.00,0,0,0
16.04.2024,"2.970,00",,,"2.970,00",0.00,0,0,0
15.04.2024,"2.970,00",,,"2.970,00",0.00,0,0,0
12.04.2024,"2.970,00",,,"2.970,00",0.00,0,0,0
11.04.2024,"2.970,00",,,"2.970,00",0.00,0,0,0
09.04.2024,"2.970,00",,,"2.970,00",0.00,0,0,0
08.04.2024,"2.970,00","2.970,00","2.970,00","2.970,00",2.98,20,59.400,59.400
05.04.2024,"2.884,00",,,"2.884,00",0.00,0,0,0
04.04.2024,"2.884,00",,,"2.884,00",0.00,0,0,0
03.04.2024,"2.884,00","2.884,00","2.884,00","2.884,00",3.00,30,86.520,86.520
02.04.2024,"2.800,00",,,"2.800,00",0.00,0,0,0
01.04.2024,"2.800,00",,,"2.800,00",0.00,0,0,0
29.03.2024,"2.800,00",,,"2.800,00",0.00,0,0,0
28.03.2024,"2.800,00","2.800,00","2.800,00","2.800,00",0.00,50,140.000,140.000
27.03.2024,"2.800,00",,,"2.800,00",0.00,0,0,0
26.03.2024,"2.800,00","2.800,00","2.800,00","2.800,00",0.00,50,140.000,140.000
25.03.2024,"2.800,00","2.800,00","2.800,00","2.800,00",0.00,62,173.600,173.600
22.03.2024,"2.800,00",,,"2.800,00",0.00,0,0,0
21.03.2024,"2.800,00",,,"2.800,00",0.00,0,0,0
20.03.2024,"2.800,00",,,"2.800,00",0.00,0,0,0
19.03.2024,"2.800,00",,,"2.800,00",0.00,0,0,0
18.03.2024,"2.800,00",,,"2.800,00",0.00,0,0,0
15.03.2024,"2.800,00",,,"2.800,00",0.00,0,0,0
14.03.2024,"2.800,00",,,"2.800,00",0.00,0,0,0
13.03.2024,"2.800,00",,,"2.800,00",0.00,0,0,0
12.03.2024,"2.800,00",,,"2.800,00",0.00,0,0,0
11.03.2024,"2.800,00",,,"2.800,00",0.00,0,0,0
08.03.2024,"2.800,00",,,"2.800,00",0.00,0,0,0
07.03.2024,"2.800,00",,,"2.800,00",0.00,0,0,0
06.03.2024,"2.800,00",,,"2.800,00",0.00,0,0,0
05.03.2024,"2.800,00",,,"2.800,00",0.00,0,0,0
04.03.2024,"2.800,00",,,"2.800,00",0.00,0,0,0
01.03.2024,"2.800,00",,,"2.800,00",0.00,0,0,0
29.02.2024,"2.800,00",,,"2.800,00",0.00,0,0,0
28.02.2024,"2.800,00",,,"2.800,00",0.00,0,0,0
27.02.2024,"2.800,00","2.800,00","2.800,00","2.800,00",0.00,704,1.971.200,1.971.200
26.02.2024,"2.800,00","2.800,00","2.800,00","2.800,00",0.00,200,560.000,560.000
23.02.2024,"2.800,00",,,"2.800,00",0.00,0,0,0
22.02.2024,"2.800,00",,,"2.800,00",0.00,0,0,0
21.02.2024,"2.800,00",,,"2.800,00",0.00,0,0,0
20.02.2024,"2.800,00",,,"2.800,00",0.00,0,0,0
19.02.2024,"2.800,00",,,"2.800,00",0.00,0,0,0
16.02.2024,"2.800,00",,,"2.800,00",0.00,0,0,0
15.02.2024,"2.800,00","2.800,00","2.800,00","2.800,00",0.00,40,112.000,112.000
14.02.2024,"2.800,00",,,"2.800,00",0.00,0,0,0
13.02.2024,"2.800,00",,,"2.800,00",0.00,0,0,0
12.02.2024,"2.800,00","2.800,00","2.800,00","2.800,00",0.00,10,28.000,28.000
09.02.2024,"2.800,00",,,"2.800,00",0.00,0,0,0
08.02.2024,"2.800,00",,,"2.800,00",0.00,0,0,0
07.02.2024,"2.800,00","2.800,00","2.800,00","2.800,00",-0.71,10,28.000,28.000
06.02.2024,"2.820,00",,,"2.820,00",0.00,0,0,0
05.02.2024,"2.820,00",,,"2.820,00",0.00,0,0,0
02.02.2024,"2.820,00",,,"2.820,00",0.00,0,0,0
01.02.2024,"2.820,00",,,"2.820,00",0.00,0,0,0
31.01.2024,"2.820,00",,,"2.820,00",0.00,0,0,0
30.01.2024,"2.820,00",,,"2.820,00",0.00,0,0,0
29.01.2024,"2.820,00",,,"2.820,00",0.00,0,0,0
26.01.2024,"2.820,00",,,"2.820,00",0.00,0,0,0
25.01.2024,"2.820,00",,,"2.820,00",0.00,0,0,0
24.01.2024,"2.820,00",,,"2.820,00",0.00,0,0,0
23.01.2024,"2.820,00",,,"2.820,00",0.00,0,0,0
22.01.2024,"2.820,00","2.820,00","2.820,00","2.820,00",-5.65,35,98.700,98.700
18.01.2024,"2.989,00",,,"2.989,00",0.00,0,0,0
17.01.2024,"2.989,00",,,"2.989,00",0.00,0,0,0
16.01.2024,"2.989,00",,,"2.989,00",0.00,0,0,0
15.01.2024,"2.989,00",,,"2.989,00",0.00,0,0,0
12.01.2024,"2.989,00",,,"2.989,00",0.00,0,0,0
11.01.2024,"2.989,00",,,"2.989,00",0.00,0,0,0
10.01.2024,"2.989,00",,,"2.989,00",0.00,0,0,0
09.01.2024,"2.989,00",,,"2.989,00",0.00,0,0,0
05.01.2024,"2.989,00",,,"2.989,00",0.00,0,0,0
04.01.2024,"2.989,00",,,"2.989,00",0.00,0,0,0
03.01.2024,"2.989,00",,,"2.989,00",0.00,0,0,0
02.01.2024,"2.989,00",,,"2.989,00",0.00,0,0,0
